"FREQ","U1(OP)","U2(OP)","U3(OP)","U4(OP)","U1 fase","U2 fase","U3 fase","U4 fase"
1,6.02079,20.8276,40.0822,79.5755,-0.000111522,-0.000645114,-0.00597864,-0.547278
1.023292992,6.02079,20.8276,40.0822,79.5755,-0.00011412,-0.000660141,-0.0061179,-0.560025
1.047128548,6.02079,20.8276,40.0822,79.5755,-0.000116778,-0.000675517,-0.0062604,-0.573069
1.071519305,6.02079,20.8276,40.0822,79.5755,-0.000119498,-0.000691252,-0.00640622,-0.586417
1.096478196,6.02079,20.8276,40.0822,79.5755,-0.000122282,-0.000707353,-0.00655544,-0.600075
1.122018454,6.02079,20.8276,40.0822,79.5754,-0.00012513,-0.00072383,-0.00670814,-0.614052
1.148153621,6.02079,20.8276,40.0822,79.5754,-0.000128045,-0.00074069,-0.00686439,-0.628354
1.174897555,6.02079,20.8276,40.0822,79.5754,-0.000131027,-0.000757943,-0.00702429,-0.642989
1.202264435,6.02079,20.8276,40.0822,79.5754,-0.000134079,-0.000775598,-0.0071879,-0.657964
1.230268771,6.02079,20.8276,40.0822,79.5753,-0.000137202,-0.000793664,-0.00735533,-0.673289
1.258925412,6.02079,20.8276,40.0822,79.5753,-0.000140398,-0.00081215,-0.00752666,-0.68897
1.288249552,6.02079,20.8276,40.0822,79.5753,-0.000143668,-0.000831068,-0.00770198,-0.705017
1.318256739,6.02079,20.8276,40.0822,79.5752,-0.000147015,-0.000850426,-0.00788138,-0.721437
1.348962883,6.02079,20.8276,40.0822,79.5752,-0.000150439,-0.000870235,-0.00806496,-0.73824
1.380384265,6.02079,20.8276,40.0822,79.5752,-0.000153943,-0.000890505,-0.00825282,-0.755434
1.412537545,6.02079,20.8276,40.0822,79.5751,-0.000157529,-0.000911248,-0.00844505,-0.773028
1.445439771,6.02079,20.8276,40.0822,79.5751,-0.000161198,-0.000932473,-0.00864176,-0.791032
1.479108388,6.02079,20.8276,40.0822,79.5751,-0.000164953,-0.000954194,-0.00884305,-0.809455
1.513561248,6.02079,20.8276,40.0822,79.575,-0.000168796,-0.00097642,-0.00904903,-0.828307
1.548816619,6.02079,20.8276,40.0822,79.575,-0.000172727,-0.000999163,-0.00925981,-0.847598
1.584893192,6.02079,20.8276,40.0822,79.5749,-0.000176751,-0.00102244,-0.0094755,-0.867338
1.621810097,6.02079,20.8276,40.0822,79.5749,-0.000180868,-0.00104625,-0.00969621,-0.887538
1.659586907,6.02079,20.8276,40.0822,79.5748,-0.000185081,-0.00107062,-0.00992207,-0.908208
1.698243652,6.02079,20.8276,40.0822,79.5748,-0.000189392,-0.00109556,-0.0101532,-0.929359
1.737800829,6.02079,20.8276,40.0822,79.5747,-0.000193803,-0.00112108,-0.0103897,-0.951002
1.77827941,6.02079,20.8276,40.0822,79.5747,-0.000198317,-0.00114719,-0.0106317,-0.97315
1.819700859,6.02079,20.8276,40.0822,79.5746,-0.000202937,-0.00117391,-0.0108793,-0.995813
1.862087137,6.02079,20.8276,40.0822,79.5746,-0.000207664,-0.00120126,-0.0111327,-1.019
1.905460718,6.02079,20.8276,40.0822,79.5745,-0.000212501,-0.00122924,-0.0113921,-1.04273
1.9498446,6.02079,20.8276,40.0822,79.5744,-0.000217451,-0.00125787,-0.0116574,-1.06702
1.995262315,6.02079,20.8276,40.0822,79.5744,-0.000222516,-0.00128717,-0.0119289,-1.09186
2.041737945,6.02079,20.8276,40.0822,79.5743,-0.000227699,-0.00131715,-0.0122068,-1.11729
2.089296131,6.02079,20.8276,40.0822,79.5742,-0.000233003,-0.00134783,-0.0124911,-1.14331
2.13796209,6.02079,20.8276,40.0822,79.5741,-0.00023843,-0.00137923,-0.0127821,-1.16993
2.187761624,6.02079,20.8276,40.0822,79.574,-0.000243984,-0.00141136,-0.0130798,-1.19718
2.238721139,6.02079,20.8276,40.0822,79.5739,-0.000249667,-0.00144423,-0.0133845,-1.22505
2.290867653,6.02079,20.8276,40.0822,79.5739,-0.000255482,-0.00147787,-0.0136963,-1.25358
2.344228815,6.02079,20.8276,40.0822,79.5738,-0.000261433,-0.00151229,-0.0140153,-1.28277
2.398832919,6.02079,20.8276,40.0822,79.5737,-0.000267523,-0.00154752,-0.0143417,-1.31264
2.454708916,6.02079,20.8276,40.0822,79.5735,-0.000273754,-0.00158357,-0.0146758,-1.3432
2.511886432,6.02079,20.8276,40.0822,79.5734,-0.000280131,-0.00162045,-0.0150177,-1.37448
2.570395783,6.02079,20.8276,40.0822,79.5733,-0.000286656,-0.0016582,-0.0153675,-1.40648
2.630267992,6.02079,20.8276,40.0822,79.5732,-0.000293333,-0.00169682,-0.0157254,-1.43923
2.691534804,6.02079,20.8276,40.0822,79.5731,-0.000300166,-0.00173635,-0.0160917,-1.47274
2.754228703,6.02079,20.8276,40.0822,79.5729,-0.000307157,-0.00177679,-0.0164665,-1.50703
2.818382931,6.02079,20.8276,40.0822,79.5728,-0.000314312,-0.00181818,-0.0168501,-1.54211
2.884031503,6.02079,20.8276,40.0822,79.5726,-0.000321633,-0.00186053,-0.0172426,-1.57802
2.951209227,6.02079,20.8276,40.0822,79.5725,-0.000329125,-0.00190387,-0.0176442,-1.61475
3.01995172,6.02079,20.8276,40.0822,79.5723,-0.000336791,-0.00194821,-0.0180552,-1.65235
3.090295433,6.02079,20.8276,40.0822,79.5722,-0.000344636,-0.00199359,-0.0184758,-1.69081
3.16227766,6.02079,20.8276,40.0822,79.572,-0.000352664,-0.00204003,-0.0189061,-1.73017
3.235936569,6.02079,20.8276,40.0822,79.5718,-0.000360878,-0.00208755,-0.0193465,-1.77045
3.311311215,6.02079,20.8276,40.0822,79.5716,-0.000369284,-0.00213617,-0.0197971,-1.81166
3.388441561,6.02079,20.8276,40.0822,79.5714,-0.000377886,-0.00218593,-0.0202583,-1.85383
3.467368505,6.02079,20.8276,40.0822,79.5712,-0.000386688,-0.00223685,-0.0207301,-1.89698
3.548133892,6.02079,20.8276,40.0822,79.5709,-0.000395695,-0.00228895,-0.021213,-1.94113
3.630780548,6.02079,20.8276,40.0822,79.5707,-0.000404912,-0.00234227,-0.0217071,-1.98631
3.715352291,6.02079,20.8276,40.0822,79.5705,-0.000414344,-0.00239683,-0.0222127,-2.03254
3.801893963,6.02079,20.8276,40.0822,79.5702,-0.000423995,-0.00245266,-0.0227301,-2.07984
3.89045145,6.02079,20.8276,40.0822,79.5699,-0.000433871,-0.00250978,-0.0232596,-2.12825
3.981071706,6.02079,20.8276,40.0822,79.5697,-0.000443977,-0.00256825,-0.0238014,-2.17777
4.073802778,6.02079,20.8276,40.0822,79.5694,-0.000454319,-0.00262807,-0.0243558,-2.22845
4.168693835,6.02079,20.8276,40.0822,79.5691,-0.000464902,-0.00268928,-0.0249231,-2.2803
4.265795188,6.02079,20.8276,40.0822,79.5687,-0.00047573,-0.00275192,-0.0255036,-2.33336
4.365158322,6.02079,20.8276,40.0822,79.5684,-0.000486812,-0.00281602,-0.0260977,-2.38765
4.466835922,6.02079,20.8276,40.0822,79.568,-0.000498151,-0.00288162,-0.0267056,-2.4432
4.570881896,6.02079,20.8276,40.0822,79.5677,-0.000509754,-0.00294874,-0.0273276,-2.50003
4.677351413,6.02079,20.8276,40.0822,79.5673,-0.000521628,-0.00301743,-0.0279642,-2.55819
4.786300923,6.02079,20.8276,40.0822,79.5669,-0.000533778,-0.00308771,-0.0286156,-2.6177
4.897788194,6.02079,20.8276,40.0822,79.5664,-0.000546212,-0.00315963,-0.0292821,-2.67858
5.011872336,6.02079,20.8276,40.0822,79.566,-0.000558935,-0.00323323,-0.0299642,-2.74088
5.12861384,6.02079,20.8276,40.0822,79.5655,-0.000571954,-0.00330854,-0.0306621,-2.80462
5.248074602,6.02079,20.8276,40.0822,79.565,-0.000585276,-0.00338561,-0.0313763,-2.86984
5.370317964,6.02079,20.8276,40.0822,79.5645,-0.000598909,-0.00346447,-0.0321072,-2.93657
5.495408739,6.02079,20.8276,40.0822,79.564,-0.00061286,-0.00354517,-0.032855,-3.00485
5.623413252,6.02079,20.8276,40.0822,79.5634,-0.000627135,-0.00362774,-0.0336203,-3.07471
5.754399373,6.02079,20.8276,40.0822,79.5628,-0.000641743,-0.00371224,-0.0344035,-3.14619
5.888436554,6.02079,20.8276,40.0822,79.5622,-0.000656691,-0.00379871,-0.0352048,-3.21932
6.025595861,6.02079,20.8276,40.0822,79.5616,-0.000671987,-0.0038872,-0.0360248,-3.29414
6.165950019,6.02079,20.8276,40.0822,79.5609,-0.00068764,-0.00397774,-0.036864,-3.3707
6.309573445,6.02079,20.8276,40.0822,79.5602,-0.000703657,-0.00407039,-0.0377226,-3.44903
6.45654229,6.02079,20.8276,40.0822,79.5594,-0.000720047,-0.00416521,-0.0386013,-3.52916
6.60693448,6.02079,20.8276,40.0822,79.5587,-0.000736819,-0.00426223,-0.0395005,-3.61115
6.760829754,6.02079,20.8276,40.0822,79.5579,-0.000753982,-0.00436151,-0.0404205,-3.69504
6.918309709,6.02079,20.8276,40.0822,79.557,-0.000771544,-0.0044631,-0.0413621,-3.78086
7.079457844,6.02079,20.8276,40.0822,79.5561,-0.000789516,-0.00456706,-0.0423255,-3.86866
7.244359601,6.02079,20.8276,40.0822,79.5552,-0.000807906,-0.00467344,-0.0433114,-3.95849
7.413102413,6.02079,20.8276,40.0822,79.5542,-0.000826725,-0.0047823,-0.0443202,-4.05039
7.58577575,6.02079,20.8276,40.0822,79.5532,-0.000845982,-0.00489369,-0.0453526,-4.14441
7.762471166,6.02079,20.8276,40.0822,79.5521,-0.000865687,-0.00500768,-0.046409,-4.2406
7.943282347,6.02079,20.8276,40.0822,79.551,-0.000885852,-0.00512432,-0.04749,-4.33901
8.128305162,6.02079,20.8276,40.0822,79.5498,-0.000906486,-0.00524368,-0.0485962,-4.43967
8.317637711,6.02079,20.8276,40.0822,79.5486,-0.0009276,-0.00536582,-0.0497281,-4.54266
8.511380382,6.02079,20.8276,40.0822,79.5473,-0.000949207,-0.00549081,-0.0508864,-4.64801
8.7096359,6.02079,20.8276,40.0822,79.546,-0.000971317,-0.00561871,-0.0520717,-4.75579
8.912509381,6.02079,20.8276,40.0822,79.5446,-0.000993942,-0.00574958,-0.0532846,-4.86604
9.120108394,6.02079,20.8276,40.0822,79.5431,-0.00101709,-0.00588351,-0.0545258,-4.97882
9.332543008,6.02079,20.8276,40.0822,79.5416,-0.00104078,-0.00602055,-0.0557959,-5.09419
9.54992586,6.02079,20.8276,40.0822,79.5399,-0.00106503,-0.00616079,-0.0570955,-5.2122
9.77237221,6.02079,20.8276,40.0822,79.5383,-0.00108984,-0.00630429,-0.0584254,-5.33292
10,6.02079,20.8276,40.0822,79.5365,-0.00111522,-0.00645114,-0.0597863,-5.4564
10.23292992,6.02079,20.8276,40.0822,79.5346,-0.0011412,-0.00660141,-0.0611789,-5.5827
10.47128548,6.02079,20.8276,40.0822,79.5327,-0.00116778,-0.00675517,-0.062604,-5.71189
10.71519305,6.02079,20.8276,40.0822,79.5307,-0.00119498,-0.00691252,-0.0640622,-5.84402
10.96478196,6.02079,20.8276,40.0822,79.5286,-0.00122282,-0.00707353,-0.0655544,-5.97917
11.22018454,6.02079,20.8276,40.0822,79.5263,-0.0012513,-0.0072383,-0.0670814,-6.1174
11.48153621,6.02079,20.8276,40.0822,79.524,-0.00128045,-0.0074069,-0.0686439,-6.25878
11.74897555,6.02079,20.8276,40.0822,79.5216,-0.00131027,-0.00757943,-0.0702428,-6.40337
12.02264435,6.02079,20.8276,40.0822,79.519,-0.00134079,-0.00775598,-0.071879,-6.55124
12.30268771,6.02079,20.8276,40.0822,79.5164,-0.00137202,-0.00793664,-0.0735533,-6.70246
12.58925412,6.02079,20.8276,40.0822,79.5136,-0.00140398,-0.0081215,-0.0752665,-6.85711
12.88249552,6.02079,20.8276,40.0822,79.5107,-0.00143668,-0.00831068,-0.0770197,-7.01526
13.18256739,6.02079,20.8276,40.0822,79.5076,-0.00147015,-0.00850426,-0.0788137,-7.17698
13.48962883,6.02079,20.8276,40.0822,79.5044,-0.00150439,-0.00870235,-0.0806495,-7.34235
13.80384265,6.02079,20.8276,40.0822,79.5011,-0.00153943,-0.00890505,-0.0825281,-7.51145
14.12537545,6.02079,20.8276,40.0822,79.4976,-0.00157529,-0.00911248,-0.0844504,-7.68435
14.45439771,6.02079,20.8276,40.0822,79.4939,-0.00161198,-0.00932473,-0.0864175,-7.86112
14.79108388,6.02079,20.8276,40.0822,79.4901,-0.00164953,-0.00954194,-0.0884304,-8.04186
15.13561248,6.02079,20.8276,40.0822,79.4861,-0.00168796,-0.0097642,-0.0904903,-8.22665
15.48816619,6.02079,20.8276,40.0822,79.4819,-0.00172727,-0.00999163,-0.092598,-8.41556
15.84893192,6.02079,20.8276,40.0822,79.4775,-0.00176751,-0.0102244,-0.0947549,-8.60868
16.21810097,6.02079,20.8276,40.0822,79.4729,-0.00180868,-0.0104625,-0.096962,-8.80609
16.59586907,6.02079,20.8276,40.0822,79.4682,-0.00185081,-0.0107062,-0.0992206,-9.00789
16.98243652,6.02079,20.8276,40.0822,79.4631,-0.00189392,-0.0109556,-0.101532,-9.21415
17.37800829,6.02079,20.8276,40.0822,79.4579,-0.00193803,-0.0112108,-0.103897,-9.42497
17.7827941,6.02079,20.8276,40.0822,79.4524,-0.00198317,-0.0114719,-0.106317,-9.64043
18.19700859,6.02079,20.8276,40.0822,79.4467,-0.00202937,-0.0117391,-0.108793,-9.86062
18.62087137,6.02079,20.8276,40.0822,79.4407,-0.00207664,-0.0120126,-0.111327,-10.0856
19.05460718,6.02079,20.8276,40.0822,79.4344,-0.00212501,-0.0122924,-0.11392,-10.3156
19.498446,6.02079,20.8276,40.0822,79.4278,-0.00217451,-0.0125787,-0.116574,-10.5505
19.95262315,6.02079,20.8276,40.0822,79.421,-0.00222516,-0.0128717,-0.119289,-10.7906
20.41737945,6.02079,20.8276,40.0821,79.4138,-0.00227699,-0.0131715,-0.122068,-11.0358
20.89296131,6.02079,20.8276,40.0821,79.4063,-0.00233003,-0.0134783,-0.124911,-11.2863
21.3796209,6.02079,20.8276,40.0821,79.3985,-0.0023843,-0.0137923,-0.127821,-11.5423
21.87761624,6.02079,20.8276,40.0821,79.3903,-0.00243984,-0.0141136,-0.130798,-11.8037
22.38721139,6.02079,20.8276,40.0821,79.3818,-0.00249667,-0.0144423,-0.133845,-12.0706
22.90867653,6.02079,20.8276,40.0821,79.3728,-0.00255482,-0.0147787,-0.136962,-12.3433
23.44228815,6.02079,20.8276,40.0821,79.3635,-0.00261433,-0.0151229,-0.140153,-12.6217
23.98832919,6.02079,20.8276,40.0821,79.3537,-0.00267523,-0.0154752,-0.143417,-12.9059
24.54708916,6.02079,20.8276,40.0821,79.3435,-0.00273754,-0.0158357,-0.146758,-13.1961
25.11886432,6.02079,20.8276,40.0821,79.3329,-0.00280131,-0.0162045,-0.150176,-13.4924
25.70395783,6.02079,20.8276,40.0821,79.3217,-0.00286656,-0.016582,-0.153674,-13.7948
26.30267992,6.02079,20.8276,40.0821,79.3101,-0.00293333,-0.0169682,-0.157254,-14.1034
26.91534804,6.02079,20.8276,40.0821,79.298,-0.00300166,-0.0173635,-0.160917,-14.4184
27.54228703,6.02079,20.8276,40.0821,79.2853,-0.00307157,-0.0177679,-0.164665,-14.7398
28.18382931,6.02079,20.8276,40.0821,79.2721,-0.00314312,-0.0181818,-0.1685,-15.0677
28.84031503,6.02079,20.8276,40.0821,79.2583,-0.00321633,-0.0186053,-0.172425,-15.4022
29.51209227,6.02079,20.8276,40.0821,79.2439,-0.00329125,-0.0190387,-0.176442,-15.7433
30.1995172,6.02079,20.8276,40.0821,79.2288,-0.00336791,-0.0194821,-0.180551,-16.0913
30.90295433,6.02079,20.8276,40.0821,79.2131,-0.00344636,-0.0199359,-0.184757,-16.446
31.6227766,6.02079,20.8276,40.0821,79.1968,-0.00352664,-0.0204003,-0.18906,-16.8077
32.35936569,6.02079,20.8276,40.0821,79.1797,-0.00360878,-0.0208755,-0.193464,-17.1764
33.11311215,6.02079,20.8276,40.0821,79.1619,-0.00369284,-0.0213617,-0.19797,-17.5522
33.88441561,6.02079,20.8276,40.0821,79.1433,-0.00377886,-0.0218593,-0.202582,-17.9351
34.67368505,6.02079,20.8276,40.0821,79.1239,-0.00386688,-0.0223685,-0.2073,-18.3253
35.48133892,6.02079,20.8276,40.0821,79.1037,-0.00395695,-0.0228895,-0.212129,-18.7227
36.30780548,6.02079,20.8276,40.0821,79.0827,-0.00404912,-0.0234227,-0.21707,-19.1274
37.15352291,6.02079,20.8276,40.0821,79.0608,-0.00414344,-0.0239683,-0.222126,-19.5396
38.01893963,6.02079,20.8276,40.0821,79.0379,-0.00423995,-0.0245266,-0.2273,-19.9591
38.9045145,6.02079,20.8276,40.0821,79.0142,-0.00433871,-0.0250978,-0.232595,-20.3862
39.81071706,6.02079,20.8276,40.0821,78.9894,-0.00443977,-0.0256825,-0.238012,-20.8207
40.73802778,6.02079,20.8276,40.0821,78.9636,-0.00454319,-0.0262807,-0.243556,-21.2628
41.68693835,6.02079,20.8276,40.0821,78.9368,-0.00464902,-0.0268928,-0.249229,-21.7125
42.65795188,6.02079,20.8276,40.0821,78.9089,-0.0047573,-0.0275192,-0.255035,-22.1697
43.65158322,6.02079,20.8276,40.0821,78.8798,-0.00486812,-0.0281602,-0.260975,-22.6345
44.66835922,6.02079,20.8276,40.0821,78.8496,-0.00498151,-0.0288162,-0.267054,-23.107
45.70881896,6.02079,20.8276,40.0821,78.8182,-0.00509754,-0.0294874,-0.273274,-23.587
46.77351413,6.02079,20.8276,40.0821,78.7856,-0.00521628,-0.0301742,-0.27964,-24.0746
47.86300923,6.02079,20.8276,40.0821,78.7516,-0.00533778,-0.0308771,-0.286153,-24.5697
48.97788194,6.02079,20.8276,40.0821,78.7164,-0.00546212,-0.0315963,-0.292818,-25.0723
50.11872336,6.02079,20.8276,40.0821,78.6798,-0.00558935,-0.0323323,-0.299639,-25.5825
51.2861384,6.02079,20.8276,40.082,78.6418,-0.00571954,-0.0330854,-0.306618,-26.1
52.48074602,6.02079,20.8276,40.082,78.6024,-0.00585276,-0.0338561,-0.31376,-26.6249
53.70317964,6.02079,20.8276,40.082,78.5615,-0.00598909,-0.0346447,-0.321068,-27.1571
54.95408739,6.02079,20.8276,40.082,78.519,-0.0061286,-0.0354516,-0.328547,-27.6964
56.23413252,6.02079,20.8276,40.082,78.4751,-0.00627135,-0.0362774,-0.3362,-28.2429
57.54399373,6.02079,20.8276,40.082,78.4295,-0.00641743,-0.0371224,-0.344031,-28.7964
58.88436554,6.02079,20.8276,40.082,78.3822,-0.00656691,-0.0379871,-0.352044,-29.3567
60.25595861,6.02079,20.8276,40.082,78.3333,-0.00671987,-0.038872,-0.360244,-29.9238
61.65950019,6.02079,20.8276,40.082,78.2827,-0.0068764,-0.0397774,-0.368635,-30.4975
63.09573445,6.02079,20.8276,40.082,78.2303,-0.00703657,-0.0407039,-0.377221,-31.0776
64.5654229,6.02079,20.8276,40.082,78.1761,-0.00720047,-0.0416521,-0.386007,-31.664
66.0693448,6.02079,20.8276,40.082,78.1201,-0.00736819,-0.0426223,-0.394998,-32.2565
67.60829754,6.02079,20.8276,40.082,78.0622,-0.00753982,-0.0436151,-0.404199,-32.8548
69.18309709,6.02079,20.8276,40.0819,78.0023,-0.00771544,-0.044631,-0.413613,-33.4589
70.79457844,6.02079,20.8276,40.0819,77.9406,-0.00789516,-0.0456706,-0.423247,-34.0685
72.44359601,6.02079,20.8276,40.0819,77.8768,-0.00807906,-0.0467344,-0.433106,-34.6833
74.13102413,6.02079,20.8276,40.0819,77.811,-0.00826725,-0.047823,-0.443194,-35.3031
75.8577575,6.02079,20.8276,40.0819,77.7432,-0.00845982,-0.0489369,-0.453517,-35.9277
77.62471166,6.02079,20.8276,40.0819,77.6733,-0.00865687,-0.0500768,-0.46408,-36.5567
79.43282347,6.02079,20.8276,40.0819,77.6013,-0.00885852,-0.0512432,-0.474889,-37.19
81.28305162,6.02079,20.8276,40.0819,77.5272,-0.00906486,-0.0524368,-0.48595,-37.8273
83.17637711,6.02079,20.8276,40.0818,77.4509,-0.009276,-0.0536582,-0.497269,-38.4681
85.11380382,6.02079,20.8276,40.0818,77.3724,-0.00949207,-0.0549081,-0.508851,-39.1124
87.096359,6.02079,20.8276,40.0818,77.2917,-0.00971317,-0.0561871,-0.520703,-39.7596
89.12509381,6.02079,20.8276,40.0818,77.2088,-0.00993942,-0.0574958,-0.532831,-40.4096
91.20108394,6.02079,20.8276,40.0818,77.1236,-0.0101709,-0.0588351,-0.545242,-41.062
93.32543008,6.02079,20.8276,40.0818,77.0362,-0.0104078,-0.0602055,-0.557941,-41.7164
95.4992586,6.02079,20.8276,40.0817,76.9465,-0.0106503,-0.0616079,-0.570937,-42.3726
97.7237221,6.02079,20.8276,40.0817,76.8545,-0.0108984,-0.0630429,-0.584235,-43.0301
100,6.02079,20.8276,40.0817,76.7602,-0.0111522,-0.0645114,-0.597842,-43.6887
102.3292992,6.02079,20.8276,40.0817,76.6637,-0.011412,-0.066014,-0.611767,-44.348
104.7128548,6.02079,20.8276,40.0817,76.5648,-0.0116778,-0.0675517,-0.626015,-45.0076
107.1519305,6.02079,20.8276,40.0816,76.4636,-0.0119498,-0.0691252,-0.640596,-45.6673
109.6478196,6.02079,20.8276,40.0816,76.3602,-0.0122282,-0.0707353,-0.655516,-46.3266
112.2018454,6.02079,20.8276,40.0816,76.2544,-0.012513,-0.072383,-0.670784,-46.9851
114.8153621,6.02079,20.8276,40.0815,76.1463,-0.0128045,-0.074069,-0.686407,-47.6427
117.4897555,6.02079,20.8276,40.0815,76.036,-0.0131027,-0.0757943,-0.702394,-48.2988
120.2264435,6.02079,20.8276,40.0815,75.9234,-0.0134079,-0.0775597,-0.718753,-48.9532
123.0268771,6.02079,20.8276,40.0815,75.8085,-0.0137202,-0.0793663,-0.735493,-49.6056
125.8925412,6.02079,20.8276,40.0814,75.6914,-0.0140398,-0.081215,-0.752623,-50.2555
128.8249552,6.02079,20.8276,40.0814,75.5721,-0.0143668,-0.0831067,-0.770152,-50.9028
131.8256739,6.02079,20.8276,40.0814,75.4505,-0.0147015,-0.0850425,-0.788089,-51.547
134.8962883,6.02079,20.8276,40.0813,75.3268,-0.0150439,-0.0870234,-0.806443,-52.1878
138.0384265,6.02079,20.8276,40.0813,75.2009,-0.0153943,-0.0890505,-0.825225,-52.825
141.2537545,6.02079,20.8276,40.0812,75.0728,-0.0157529,-0.0911247,-0.844444,-53.4583
144.5439771,6.02079,20.8276,40.0812,74.9427,-0.0161198,-0.0932473,-0.864111,-54.0873
147.9108388,6.02079,20.8276,40.0811,74.8105,-0.0164953,-0.0954193,-0.884236,-54.7118
151.3561248,6.02079,20.8276,40.0811,74.6762,-0.0168796,-0.0976419,-0.904829,-55.3316
154.8816619,6.02079,20.8276,40.081,74.54,-0.0172727,-0.0999162,-0.925901,-55.9464
158.4893192,6.02079,20.8276,40.081,74.4017,-0.0176751,-0.102244,-0.947465,-56.5559
162.1810097,6.02079,20.8276,40.0809,74.2615,-0.0180868,-0.104625,-0.96953,-57.1599
165.9586907,6.02079,20.8276,40.0809,74.1194,-0.0185081,-0.107062,-0.992109,-57.7582
169.8243652,6.02079,20.8276,40.0808,73.9754,-0.0189392,-0.109556,-1.01521,-58.3507
173.7800829,6.02079,20.8276,40.0808,73.8295,-0.0193803,-0.112108,-1.03886,-58.937
177.827941,6.02079,20.8276,40.0807,73.6819,-0.0198317,-0.114719,-1.06305,-59.5171
181.9700859,6.02079,20.8276,40.0806,73.5325,-0.0202937,-0.117391,-1.0878,-60.0907
186.2087137,6.02079,20.8276,40.0805,73.3814,-0.0207664,-0.120126,-1.11314,-60.6577
190.5460718,6.02079,20.8276,40.0805,73.2286,-0.0212501,-0.122924,-1.13906,-61.218
194.98446,6.02079,20.8276,40.0804,73.0741,-0.0217451,-0.125787,-1.16558,-61.7715
199.5262315,6.02079,20.8276,40.0803,72.9181,-0.0222516,-0.128717,-1.19272,-62.3179
204.1737945,6.02079,20.8276,40.0802,72.7605,-0.0227699,-0.131715,-1.2205,-62.8572
208.9296131,6.02079,20.8276,40.0801,72.6014,-0.0233003,-0.134783,-1.24892,-63.3893
213.796209,6.02079,20.8276,40.08,72.4408,-0.023843,-0.137923,-1.278,-63.9142
218.7761624,6.02079,20.8276,40.0799,72.2788,-0.0243984,-0.141135,-1.30776,-64.4317
223.8721139,6.02079,20.8276,40.0798,72.1154,-0.0249667,-0.144423,-1.33821,-64.9418
229.0867653,6.02079,20.8276,40.0797,71.9506,-0.0255482,-0.147787,-1.36937,-65.4444
234.4228815,6.02079,20.8276,40.0796,71.7845,-0.0261433,-0.151229,-1.40125,-65.9395
239.8832919,6.02079,20.8276,40.0795,71.6171,-0.0267523,-0.154752,-1.43388,-66.4271
245.4708916,6.02079,20.8276,40.0793,71.4485,-0.0273754,-0.158356,-1.46726,-66.907
251.1886432,6.02079,20.8276,40.0792,71.2787,-0.0280131,-0.162045,-1.50143,-67.3794
257.0395783,6.02079,20.8276,40.0791,71.1077,-0.0286656,-0.165819,-1.53638,-67.8442
263.0267992,6.02079,20.8276,40.0789,70.9356,-0.0293333,-0.169682,-1.57215,-68.3015
269.1534804,6.02079,20.8276,40.0788,70.7624,-0.0300166,-0.173634,-1.60875,-68.7511
275.4228703,6.02079,20.8276,40.0786,70.5882,-0.0307157,-0.177679,-1.6462,-69.1932
281.8382931,6.02079,20.8276,40.0784,70.4129,-0.0314312,-0.181817,-1.68453,-69.6277
288.4031503,6.02079,20.8276,40.0783,70.2367,-0.0321633,-0.186052,-1.72374,-70.0548
295.1209227,6.02079,20.8276,40.0781,70.0595,-0.0329125,-0.190386,-1.76387,-70.4743
301.995172,6.02079,20.8276,40.0779,69.8814,-0.0336791,-0.194821,-1.80493,-70.8865
309.0295433,6.02079,20.8276,40.0777,69.7024,-0.0344636,-0.199359,-1.84694,-71.2912
316.227766,6.02079,20.8276,40.0775,69.5226,-0.0352664,-0.204002,-1.88993,-71.6887
323.5936569,6.02079,20.8276,40.0773,69.342,-0.0360878,-0.208754,-1.93392,-72.0788
331.1311215,6.02079,20.8276,40.077,69.1605,-0.0369284,-0.213616,-1.97893,-72.4618
338.8441561,6.02079,20.8276,40.0768,68.9783,-0.0377886,-0.218592,-2.02499,-72.8376
346.7368505,6.02079,20.8276,40.0765,68.7954,-0.0386688,-0.223684,-2.07212,-73.2063
354.8133892,6.02079,20.8276,40.0763,68.6117,-0.0395695,-0.228894,-2.12034,-73.5681
363.0780548,6.02079,20.8276,40.076,68.4274,-0.0404912,-0.234226,-2.16969,-73.9229
371.5352291,6.02079,20.8276,40.0757,68.2425,-0.0414344,-0.239681,-2.22017,-74.2709
380.1893963,6.02079,20.8276,40.0754,68.0569,-0.0423995,-0.245264,-2.27184,-74.6121
389.045145,6.02079,20.8276,40.0751,67.8707,-0.0433871,-0.250977,-2.3247,-74.9467
398.1071706,6.02079,20.8276,40.0747,67.6839,-0.0443977,-0.256823,-2.37878,-75.2746
407.3802778,6.02079,20.8276,40.0744,67.4965,-0.0454319,-0.262805,-2.43413,-75.5961
416.8693835,6.02079,20.8276,40.074,67.3087,-0.0464901,-0.268927,-2.49076,-75.9111
426.5795188,6.02079,20.8275,40.0736,67.1203,-0.047573,-0.275191,-2.5487,-76.2199
436.5158322,6.02079,20.8275,40.0732,66.9314,-0.0486812,-0.2816,-2.60799,-76.5224
446.6835922,6.02079,20.8275,40.0728,66.742,-0.0498151,-0.28816,-2.66865,-76.8187
457.0881896,6.02079,20.8275,40.0724,66.5522,-0.0509754,-0.294872,-2.73072,-77.109
467.7351413,6.02079,20.8275,40.0719,66.362,-0.0521628,-0.30174,-2.79422,-77.3934
478.6300923,6.02079,20.8275,40.0714,66.1713,-0.0533778,-0.308768,-2.8592,-77.672
489.7788194,6.02079,20.8275,40.0709,65.9803,-0.0546212,-0.31596,-2.92569,-77.9447
501.1872336,6.02079,20.8275,40.0704,65.7888,-0.0558934,-0.32332,-2.99372,-78.2118
512.861384,6.02079,20.8275,40.0698,65.597,-0.0571954,-0.330851,-3.06332,-78.4734
524.8074602,6.02079,20.8275,40.0693,65.4048,-0.0585276,-0.338557,-3.13454,-78.7294
537.0317964,6.02079,20.8275,40.0686,65.2123,-0.0598909,-0.346443,-3.2074,-78.9801
549.5408739,6.02079,20.8275,40.068,65.0195,-0.0612859,-0.354512,-3.28195,-79.2256
562.3413252,6.02079,20.8275,40.0673,64.8263,-0.0627135,-0.36277,-3.35822,-79.4658
575.4399373,6.02079,20.8275,40.0666,64.6329,-0.0641743,-0.37122,-3.43626,-79.7009
588.8436554,6.02078,20.8275,40.0659,64.4391,-0.0656691,-0.379866,-3.51611,-79.931
602.5595861,6.02078,20.8275,40.0652,64.2451,-0.0671987,-0.388714,-3.5978,-80.1563
616.5950019,6.02078,20.8274,40.0644,64.0509,-0.068764,-0.397768,-3.68138,-80.3767
630.9573445,6.02078,20.8274,40.0635,63.8563,-0.0703657,-0.407033,-3.76689,-80.5924
645.654229,6.02078,20.8274,40.0626,63.6616,-0.0720047,-0.416514,-3.85437,-80.8034
660.693448,6.02078,20.8274,40.0617,63.4666,-0.0736819,-0.426216,-3.94387,-81.0099
676.0829754,6.02078,20.8274,40.0608,63.2714,-0.0753982,-0.436143,-4.03544,-81.212
691.8309709,6.02078,20.8274,40.0598,63.076,-0.0771544,-0.446302,-4.12912,-81.4096
707.9457844,6.02078,20.8274,40.0587,62.8803,-0.0789516,-0.456697,-4.22496,-81.603
724.4359601,6.02078,20.8274,40.0576,62.6845,-0.0807906,-0.467334,-4.32301,-81.7922
741.3102413,6.02078,20.8274,40.0564,62.4885,-0.0826725,-0.47822,-4.42331,-81.9773
758.577575,6.02078,20.8273,40.0552,62.2924,-0.0845981,-0.489358,-4.52592,-82.1583
776.2471166,6.02078,20.8273,40.054,62.096,-0.0865687,-0.500756,-4.6309,-82.3354
794.3282347,6.02078,20.8273,40.0526,61.8995,-0.0885851,-0.51242,-4.73828,-82.5086
812.8305162,6.02078,20.8273,40.0513,61.7028,-0.0906485,-0.524355,-4.84814,-82.678
831.7637711,6.02078,20.8273,40.0498,61.506,-0.09276,-0.536568,-4.96051,-82.8437
851.1380382,6.02078,20.8273,40.0483,61.3091,-0.0949207,-0.549066,-5.07547,-83.0058
870.96359,6.02078,20.8272,40.0467,61.112,-0.0971317,-0.561855,-5.19306,-83.1643
891.2509381,6.02078,20.8272,40.045,60.9148,-0.0993941,-0.574941,-5.31335,-83.3193
912.0108394,6.02078,20.8272,40.0433,60.7174,-0.101709,-0.588332,-5.43638,-83.4709
933.2543008,6.02078,20.8272,40.0415,60.52,-0.104078,-0.602036,-5.56224,-83.6192
954.992586,6.02078,20.8272,40.0396,60.3224,-0.106503,-0.616058,-5.69097,-83.7642
977.237221,6.02078,20.8271,40.0376,60.1247,-0.108984,-0.630407,-5.82263,-83.906
1000,6.02078,20.8271,40.0355,59.927,-0.111522,-0.64509,-5.95731,-84.0446
1023.292992,6.02078,20.8271,40.0333,59.7291,-0.11412,-0.660114,-6.09505,-84.1802
1047.128548,6.02078,20.8271,40.031,59.5311,-0.116778,-0.675489,-6.23593,-84.3128
1071.519305,6.02078,20.827,40.0286,59.333,-0.119498,-0.691222,-6.38001,-84.4425
1096.478196,6.02078,20.827,40.0261,59.1349,-0.122281,-0.707321,-6.52736,-84.5693
1122.018454,6.02078,20.827,40.0235,58.9366,-0.12513,-0.723795,-6.67806,-84.6932
1148.153621,6.02078,20.827,40.0207,58.7383,-0.128044,-0.740653,-6.83218,-84.8145
1174.897555,6.02077,20.8269,40.0178,58.5399,-0.131027,-0.757903,-6.98978,-84.933
1202.264435,6.02077,20.8269,40.0148,58.3415,-0.134079,-0.775555,-7.15094,-85.0489
1230.268771,6.02077,20.8269,40.0117,58.143,-0.137202,-0.793618,-7.31574,-85.1622
1258.925412,6.02077,20.8268,40.0084,57.9444,-0.140398,-0.812102,-7.48426,-85.2731
1288.249552,6.02077,20.8268,40.0049,57.7457,-0.143668,-0.831015,-7.65657,-85.3814
1318.256739,6.02077,20.8267,40.0013,57.547,-0.147015,-0.85037,-7.83274,-85.4874
1348.962883,6.02077,20.8267,39.9976,57.3482,-0.150439,-0.870175,-8.01287,-85.591
1380.384265,6.02077,20.8267,39.9936,57.1494,-0.153943,-0.890441,-8.19704,-85.6923
1412.537545,6.02077,20.8266,39.9895,56.9505,-0.157529,-0.911179,-8.38532,-85.7913
1445.439771,6.02077,20.8266,39.9852,56.7516,-0.161198,-0.932399,-8.57779,-85.8882
1479.108388,6.02077,20.8265,39.9806,56.5526,-0.164953,-0.954114,-8.77455,-85.9829
1513.561248,6.02077,20.8265,39.9759,56.3536,-0.168795,-0.976335,-8.97568,-86.0755
1548.816619,6.02076,20.8264,39.971,56.1545,-0.172727,-0.999072,-9.18127,-86.166
1584.893192,6.02076,20.8263,39.9658,55.9554,-0.17675,-1.02234,-9.3914,-86.2545
1621.810097,6.02076,20.8263,39.9604,55.7562,-0.180867,-1.04615,-9.60617,-86.3411
1659.586907,6.02076,20.8262,39.9547,55.557,-0.18508,-1.07051,-9.82566,-86.4258
1698.243652,6.02076,20.8262,39.9488,55.3578,-0.189391,-1.09544,-10.05,-86.5085
1737.800829,6.02076,20.8261,39.9426,55.1586,-0.193803,-1.12095,-10.2792,-86.5895
1778.27941,6.02076,20.826,39.9362,54.9593,-0.198317,-1.14706,-10.5134,-86.6687
1819.700859,6.02076,20.8259,39.9294,54.7599,-0.202937,-1.17377,-10.7527,-86.7461
1862.087137,6.02075,20.8259,39.9223,54.5606,-0.207664,-1.2011,-10.9972,-86.8218
1905.460718,6.02075,20.8258,39.915,54.3612,-0.212501,-1.22907,-11.2469,-86.8958
1949.8446,6.02075,20.8257,39.9072,54.1618,-0.21745,-1.25769,-11.5021,-86.9682
1995.262315,6.02075,20.8256,39.8992,53.9624,-0.222515,-1.28698,-11.7627,-87.039
2041.737945,6.02075,20.8255,39.8907,53.7629,-0.227698,-1.31695,-12.0289,-87.1082
2089.296131,6.02075,20.8254,39.8819,53.5634,-0.233002,-1.34761,-12.3007,-87.1759
2137.96209,6.02074,20.8253,39.8727,53.3639,-0.23843,-1.37899,-12.5783,-87.2422
2187.761624,6.02074,20.8252,39.8631,53.1644,-0.243983,-1.4111,-12.8618,-87.307
2238.721139,6.02074,20.8251,39.853,52.9648,-0.249666,-1.44396,-13.1512,-87.3703
2290.867653,6.02074,20.8249,39.8425,52.7652,-0.255482,-1.47758,-13.4466,-87.4323
2344.228815,6.02073,20.8248,39.8315,52.5656,-0.261433,-1.51198,-13.7482,-87.4929
2398.832919,6.02073,20.8247,39.8201,52.366,-0.267522,-1.54718,-14.056,-87.5522
2454.708916,6.02073,20.8245,39.8081,52.1664,-0.273753,-1.5832,-14.3701,-87.6102
2511.886432,6.02073,20.8244,39.7956,51.9668,-0.28013,-1.62006,-14.6907,-87.667
2570.395783,6.02072,20.8242,39.7825,51.7671,-0.286655,-1.65778,-15.0178,-87.7225
2630.267992,6.02072,20.8241,39.7689,51.5674,-0.293332,-1.69638,-15.3514,-87.7768
2691.534804,6.02072,20.8239,39.7547,51.3677,-0.300165,-1.73587,-15.6917,-87.8299
2754.228703,6.02071,20.8237,39.7399,51.168,-0.307156,-1.77628,-16.0389,-87.8819
2818.382931,6.02071,20.8236,39.7244,50.9683,-0.314311,-1.81763,-16.3928,-87.9328
2884.031503,6.02071,20.8234,39.7082,50.7686,-0.321632,-1.85994,-16.7537,-87.9826
2951.209227,6.0207,20.8232,39.6914,50.5688,-0.329124,-1.90324,-17.1216,-88.0313
3019.95172,6.0207,20.823,39.6738,50.3691,-0.33679,-1.94754,-17.4966,-88.079
3090.295433,6.02069,20.8227,39.6555,50.1693,-0.344635,-1.99287,-17.8788,-88.1256
3162.27766,6.02069,20.8225,39.6363,49.9695,-0.352662,-2.03925,-18.2681,-88.1713
3235.936569,6.02069,20.8223,39.6164,49.7697,-0.360877,-2.08672,-18.6648,-88.216
3311.311215,6.02068,20.822,39.5957,49.5699,-0.369282,-2.13528,-19.0688,-88.2598
3388.441561,6.02068,20.8217,39.574,49.3701,-0.377884,-2.18498,-19.4802,-88.3026
3467.368505,6.02067,20.8215,39.5515,49.1703,-0.386686,-2.23583,-19.8991,-88.3446
3548.133892,6.02067,20.8212,39.528,48.9705,-0.395693,-2.28786,-20.3255,-88.3856
3630.780548,6.02066,20.8209,39.5035,48.7707,-0.40491,-2.34109,-20.7594,-88.4258
3715.352291,6.02065,20.8206,39.4781,48.5708,-0.414341,-2.39557,-21.2009,-88.4652
3801.893963,6.02065,20.8202,39.4516,48.371,-0.423992,-2.45131,-21.65,-88.5038
3890.45145,6.02064,20.8199,39.424,48.1711,-0.433868,-2.50834,-22.1067,-88.5416
3981.071706,6.02063,20.8195,39.3953,47.9713,-0.443974,-2.5667,-22.571,-88.5786
4073.802778,6.02063,20.8191,39.3655,47.7714,-0.454315,-2.62641,-23.043,-88.6148
4168.693835,6.02062,20.8187,39.3345,47.5715,-0.464898,-2.68751,-23.5227,-88.6503
4265.795188,6.02061,20.8183,39.3022,47.3717,-0.475726,-2.75002,-24.0099,-88.6851
4365.158322,6.0206,20.8179,39.2687,47.1718,-0.486807,-2.81399,-24.5048,-88.7193
4466.835922,6.02059,20.8174,39.2339,46.9719,-0.498146,-2.87943,-25.0072,-88.7527
4570.881896,6.02058,20.8169,39.1977,46.772,-0.509749,-2.9464,-25.5171,-88.7855
4677.351413,6.02057,20.8164,39.1602,46.5721,-0.521623,-3.01492,-26.0346,-88.8176
4786.300923,6.02056,20.8159,39.1212,46.3722,-0.533772,-3.08502,-26.5595,-88.8491
4897.788194,6.02055,20.8153,39.0807,46.1723,-0.546205,-3.15675,-27.0917,-88.88
5011.872336,6.02054,20.8147,39.0388,45.9724,-0.558928,-3.23015,-27.6312,-88.9103
5128.61384,6.02053,20.8141,38.9953,45.7725,-0.571946,-3.30524,-28.1779,-88.94
5248.074602,6.02052,20.8135,38.9502,45.5726,-0.585268,-3.38207,-28.7317,-88.9692
5370.317964,6.02051,20.8128,38.9035,45.3726,-0.598901,-3.46067,-29.2925,-88.9978
5495.408739,6.02049,20.8121,38.8551,45.1727,-0.612851,-3.5411,-29.8601,-89.0259
5623.413252,6.02048,20.8114,38.805,44.9728,-0.627125,-3.62339,-30.4344,-89.0535
5754.399373,6.02046,20.8107,38.7532,44.7728,-0.641732,-3.70758,-31.0153,-89.0805
5888.436554,6.02045,20.8099,38.6996,44.5729,-0.65668,-3.79372,-31.6025,-89.1071
6025.595861,6.02043,20.809,38.6441,44.373,-0.671975,-3.88184,-32.196,-89.1332
6165.950019,6.02042,20.8081,38.5868,44.173,-0.687627,-3.972,-32.7955,-89.1589
6309.573445,6.0204,20.8072,38.5276,43.9731,-0.703643,-4.06425,-33.4008,-89.1841
6456.54229,6.02038,20.8063,38.4665,43.7731,-0.720033,-4.15862,-34.0118,-89.2088
6606.93448,6.02036,20.8053,38.4033,43.5732,-0.736804,-4.25517,-34.6281,-89.2332
6760.829754,6.02034,20.8042,38.3382,43.3732,-0.753965,-4.35395,-35.2496,-89.2571
6918.309709,6.02032,20.8031,38.271,43.1733,-0.771526,-4.455,-35.876,-89.2807
7079.457844,6.0203,20.802,38.2018,42.9733,-0.789497,-4.55838,-36.5071,-89.3039
7244.359601,6.02027,20.8007,38.1304,42.7734,-0.807886,-4.66414,-37.1426,-89.3267
7413.102413,6.02025,20.7995,38.057,42.5734,-0.826703,-4.77234,-37.7822,-89.3491
7585.77575,6.02023,20.7982,37.9814,42.3734,-0.845958,-4.88302,-38.4256,-89.3712
7762.471166,6.0202,20.7968,37.9036,42.1735,-0.865662,-4.99625,-39.0725,-89.393
7943.282347,6.02017,20.7953,37.8236,41.9735,-0.885824,-5.11208,-39.7226,-89.4144
8128.305162,6.02014,20.7938,37.7413,41.7735,-0.906456,-5.23057,-40.3757,-89.4356
8317.637711,6.02011,20.7922,37.6569,41.5736,-0.927569,-5.35177,-41.0313,-89.4564
8511.380382,6.02008,20.7906,37.5702,41.3736,-0.949174,-5.47576,-41.6892,-89.4769
8709.6359,6.02005,20.7888,37.4812,41.1736,-0.971281,-5.60258,-42.349,-89.4972
8912.509381,6.02001,20.787,37.3899,40.9736,-0.993903,-5.73231,-43.0105,-89.5172
9120.108394,6.01997,20.7851,37.2964,40.7737,-1.01705,-5.865,-43.6731,-89.537
9332.543008,6.01994,20.7831,37.2005,40.5737,-1.04074,-6.00073,-44.3367,-89.5565
9549.92586,6.0199,20.781,37.1024,40.3737,-1.06498,-6.13956,-45.0009,-89.5757
9772.37221,6.01985,20.7788,37.002,40.1737,-1.08978,-6.28155,-45.6652,-89.5948
10000,6.01981,20.7765,36.8992,39.9738,-1.11517,-6.42677,-46.3295,-89.6136
10232.92992,6.01976,20.7741,36.7942,39.7738,-1.14114,-6.57531,-46.9932,-89.6322
10471.28548,6.01972,20.7716,36.6868,39.5738,-1.16772,-6.72722,-47.6561,-89.6507
10715.19305,6.01966,20.769,36.5772,39.3738,-1.19491,-6.88258,-48.3179,-89.6689
10964.78196,6.01961,20.7663,36.4653,39.1738,-1.22274,-7.04146,-48.9781,-89.687
11220.18454,6.01956,20.7634,36.3511,38.9738,-1.25122,-7.20394,-49.6366,-89.7049
11481.53621,6.0195,20.7604,36.2347,38.7738,-1.28036,-7.3701,-50.2928,-89.7226
11748.97555,6.01944,20.7573,36.1161,38.5739,-1.31018,-7.54002,-50.9466,-89.7402
12022.64435,6.01937,20.754,35.9952,38.3739,-1.3407,-7.71377,-51.5975,-89.7577
12302.68771,6.01931,20.7505,35.8721,38.1739,-1.37192,-7.89143,-52.2454,-89.775
12589.25412,6.01924,20.7469,35.7469,37.9739,-1.40387,-8.07309,-52.8898,-89.7922
12882.49552,6.01916,20.7432,35.6196,37.7739,-1.43657,-8.25883,-53.5305,-89.8093
13182.56739,6.01909,20.7392,35.4901,37.5739,-1.47002,-8.44873,-54.1672,-89.8263
13489.62883,6.01901,20.7351,35.3585,37.3739,-1.50426,-8.64288,-54.7996,-89.8432
13803.84265,6.01892,20.7308,35.2249,37.1739,-1.53929,-8.84137,-55.4276,-89.8601
14125.37545,6.01884,20.7263,35.0892,36.9739,-1.57514,-9.04428,-56.0507,-89.8768
14454.39771,6.01874,20.7216,34.9516,36.7739,-1.61182,-9.25171,-56.6688,-89.8935
14791.08388,6.01865,20.7166,34.812,36.5739,-1.64936,-9.46374,-57.2817,-89.9102
15135.61248,6.01855,20.7115,34.6704,36.3739,-1.68777,-9.68047,-57.8891,-89.9267
15488.16619,6.01844,20.7061,34.527,36.1739,-1.72707,-9.90198,-58.4909,-89.9433
15848.93192,6.01833,20.7004,34.3818,35.9739,-1.76729,-10.1284,-59.0867,-89.9598
16218.10097,6.01821,20.6945,34.2347,35.7739,-1.80844,-10.3598,-59.6766,-89.9763
16595.86907,6.01809,20.6883,34.0858,35.5739,-1.85056,-10.5962,-60.2602,-89.9928
16982.43652,6.01797,20.6819,33.9352,35.3739,-1.89365,-10.8378,-60.8375,-90.0092
17378.00829,6.01783,20.6751,33.783,35.1739,-1.93775,-11.0847,-61.4082,-90.0257
17782.7941,6.01769,20.6681,33.629,34.9739,-1.98287,-11.337,-61.9724,-90.0422
18197.00859,6.01755,20.6607,33.4735,34.7739,-2.02904,-11.5947,-62.5297,-90.0587
18620.87137,6.0174,20.653,33.3164,34.5739,-2.07629,-11.8579,-63.0802,-90.0753
19054.60718,6.01724,20.6449,33.1577,34.3739,-2.12463,-12.1269,-63.6238,-90.0919
19498.446,6.01707,20.6365,32.9976,34.1739,-2.1741,-12.4016,-64.1603,-90.1085
19952.62315,6.01689,20.6277,32.836,33.9739,-2.22473,-12.6821,-64.6897,-90.1252
20417.37945,6.01671,20.6185,32.673,33.7739,-2.27653,-12.9686,-65.2119,-90.142
20892.96131,6.01652,20.6089,32.5086,33.5739,-2.32953,-13.2612,-65.7269,-90.1588
21379.6209,6.01632,20.5988,32.3429,33.3739,-2.38377,-13.56,-66.2346,-90.1757
21877.61624,6.01611,20.5883,32.1759,33.1739,-2.43927,-13.865,-66.7351,-90.1928
22387.21139,6.01588,20.5774,32.0077,32.9739,-2.49606,-14.1764,-67.2282,-90.2099
22908.67653,6.01565,20.5659,31.8382,32.7739,-2.55417,-14.4942,-67.7139,-90.2271
23442.28815,6.01541,20.554,31.6676,32.5738,-2.61363,-14.8186,-68.1924,-90.2444
23988.32919,6.01516,20.5415,31.4958,32.3738,-2.67448,-15.1497,-68.6635,-90.2619
24547.08916,6.01489,20.5285,31.323,32.1738,-2.73674,-15.4875,-69.1273,-90.2795
25118.86432,6.01462,20.5148,31.149,31.9738,-2.80045,-15.8321,-69.5838,-90.2973
25703.95783,6.01432,20.5006,30.9741,31.7738,-2.86564,-16.1838,-70.0331,-90.3152
26302.67992,6.01402,20.4858,30.7981,31.5738,-2.93234,-16.5424,-70.4751,-90.3333
26915.34804,6.0137,20.4704,30.6212,31.3738,-3.0006,-16.9082,-70.9099,-90.3516
27542.28703,6.01337,20.4542,30.4434,31.1737,-3.07044,-17.2812,-71.3376,-90.37
28183.82931,6.01302,20.4374,30.2647,30.9737,-3.1419,-17.6614,-71.7582,-90.3887
28840.31503,6.01265,20.4198,30.0851,30.7737,-3.21503,-18.0491,-72.1717,-90.4075
29512.09227,6.01227,20.4015,29.9046,30.5737,-3.28985,-18.4442,-72.5783,-90.4266
30199.5172,6.01187,20.3824,29.7234,30.3736,-3.36642,-18.8469,-72.978,-90.4459
30902.95433,6.01145,20.3625,29.5414,30.1736,-3.44476,-19.2571,-73.3709,-90.4654
31622.7766,6.01101,20.3418,29.3587,29.9736,-3.52492,-19.6751,-73.757,-90.4852
32359.36569,6.01055,20.3202,29.1752,29.7736,-3.60694,-20.1008,-74.1365,-90.5053
33113.11215,6.01007,20.2977,28.9911,29.5735,-3.69087,-20.5342,-74.5093,-90.5256
33884.41561,6.00956,20.2742,28.8063,29.3735,-3.77675,-20.9756,-74.8757,-90.5461
34673.68505,6.00903,20.2498,28.6209,29.1735,-3.86462,-21.4248,-75.2357,-90.567
35481.33892,6.00848,20.2244,28.4348,28.9734,-3.95453,-21.8819,-75.5894,-90.5882
36307.80548,6.0079,20.1979,28.2482,28.7734,-4.04652,-22.3471,-75.9368,-90.6097
37153.52291,6.00729,20.1703,28.061,28.5734,-4.14065,-22.8202,-76.2781,-90.6315
38018.93963,6.00666,20.1417,27.8732,28.3733,-4.23697,-23.3014,-76.6134,-90.6536
38904.5145,6.00599,20.1119,27.6849,28.1733,-4.33552,-23.7906,-76.9428,-90.6761
39810.71706,6.0053,20.0809,27.4962,27.9732,-4.43635,-24.2878,-77.2663,-90.699
40738.02778,6.00457,20.0486,27.3069,27.7732,-4.53952,-24.7931,-77.5841,-90.7222
41686.93835,6.0038,20.0152,27.1172,27.5731,-4.64508,-25.3065,-77.8963,-90.7458
42657.95188,6.003,19.9804,26.927,27.3731,-4.75309,-25.8278,-78.203,-90.7698
43651.58322,6.00217,19.9442,26.7364,27.173,-4.8636,-26.3572,-78.5043,-90.7942
44668.35922,6.00129,19.9067,26.5454,26.973,-4.97667,-26.8945,-78.8003,-90.819
45708.81896,6.00037,19.8678,26.354,26.7729,-5.09236,-27.4397,-79.0911,-90.8442
46773.51413,5.99941,19.8273,26.1623,26.5728,-5.21073,-27.9928,-79.3768,-90.8699
47863.00923,5.99841,19.7854,25.9701,26.3728,-5.33184,-28.5536,-79.6575,-90.8961
48977.88194,5.99736,19.742,25.7777,26.1727,-5.45574,-29.1222,-79.9334,-90.9228
50118.72336,5.99625,19.6969,25.5849,25.9726,-5.58252,-29.6983,-80.2045,-90.9499
51286.1384,5.9951,19.6502,25.3917,25.7725,-5.71222,-30.282,-80.4709,-90.9775
52480.74602,5.99389,19.6019,25.1983,25.5725,-5.84493,-30.873,-80.7328,-91.0057
53703.17964,5.99263,19.5518,25.0046,25.3724,-5.9807,-31.4714,-80.9902,-91.0343
54954.08739,5.9913,19.5,24.8105,25.1723,-6.1196,-32.0768,-81.2433,-91.0636
56234.13252,5.98992,19.4464,24.6163,24.9722,-6.26171,-32.6893,-81.4922,-91.0934
57543.99373,5.98847,19.3909,24.4217,24.7721,-6.4071,-33.3086,-81.737,-91.1237
58884.36554,5.98695,19.3336,24.2269,24.572,-6.55585,-33.9345,-81.9777,-91.1547
60255.95861,5.98536,19.2744,24.0319,24.3719,-6.70802,-34.5669,-82.2145,-91.1863
61659.50019,5.98369,19.2133,23.8366,24.1718,-6.8637,-35.2055,-82.4475,-91.2185
63095.73445,5.98195,19.1501,23.6412,23.9717,-7.02297,-35.8503,-82.6767,-91.2513
64565.4229,5.98013,19.085,23.4455,23.7715,-7.1859,-36.5008,-82.9024,-91.2848
66069.3448,5.97822,19.0178,23.2496,23.5714,-7.35258,-37.157,-83.1246,-91.319
67608.29754,5.97622,18.9486,23.0535,23.3713,-7.5231,-37.8186,-83.3433,-91.3539
69183.09709,5.97413,18.8772,22.8573,23.1711,-7.69753,-38.4853,-83.5588,-91.3895
70794.57844,5.97194,18.8037,22.6608,22.971,-7.87597,-39.1568,-83.771,-91.4259
72443.59601,5.96964,18.7281,22.4642,22.7708,-8.0585,-39.8329,-83.9802,-91.463
74131.02413,5.96724,18.6503,22.2674,22.5707,-8.24523,-40.5134,-84.1863,-91.5008
75857.7575,5.96473,18.5702,22.0705,22.3705,-8.43623,-41.1978,-84.3895,-91.5395
77624.71166,5.9621,18.488,21.8734,22.1703,-8.6316,-41.886,-84.5899,-91.579
79432.82347,5.95935,18.4034,21.6762,21.9701,-8.83145,-42.5777,-84.7876,-91.6193
81283.05162,5.95647,18.3167,21.4788,21.7699,-9.03586,-43.2724,-84.9826,-91.6605
83176.37711,5.95346,18.2276,21.2813,21.5697,-9.24494,-43.97,-85.1751,-91.7025
85113.80382,5.95031,18.1363,21.0837,21.3695,-9.4588,-44.67,-85.3652,-91.7454
87096.359,5.94701,18.0426,20.8859,21.1693,-9.67753,-45.3723,-85.553,-91.7893
89125.09381,5.94355,17.9467,20.688,20.969,-9.90125,-46.0763,-85.7384,-91.8341
91201.08394,5.93994,17.8484,20.49,20.7688,-10.1301,-46.782,-85.9217,-91.8799
93325.43008,5.93615,17.7478,20.2919,20.5685,-10.3641,-47.4888,-86.103,-91.9267
95499.2586,5.93219,17.645,20.0937,20.3683,-10.6034,-48.1964,-86.2822,-91.9745
97723.7221,5.92805,17.5397,19.8954,20.168,-10.8481,-48.9047,-86.4596,-92.0233
100000,5.92372,17.4322,19.6969,19.9677,-11.0984,-49.6131,-86.6352,-92.0732
102329.2992,5.91918,17.3224,19.4984,19.7674,-11.3544,-50.3215,-86.809,-92.1242
104712.8548,5.91444,17.2103,19.2998,19.5671,-11.6161,-51.0295,-86.9812,-92.1763
107151.9305,5.90947,17.0959,19.1011,19.3667,-11.8837,-51.7368,-87.1519,-92.2296
109647.8196,5.90428,16.9793,18.9023,19.1664,-12.1574,-52.443,-87.3211,-92.2841
112201.8454,5.89884,16.8604,18.7034,18.966,-12.4372,-53.1479,-87.4889,-92.3397
114815.3621,5.89316,16.7392,18.5044,18.7656,-12.7233,-53.8513,-87.6555,-92.3966
117489.7555,5.88721,16.6159,18.3054,18.5652,-13.0158,-54.5527,-87.8208,-92.4547
120226.4435,5.88099,16.4903,18.1063,18.3648,-13.3149,-55.252,-87.985,-92.5142
123026.8771,5.87448,16.3626,17.907,18.1643,-13.6206,-55.9488,-88.1482,-92.5749
125892.5412,5.86768,16.2328,17.7078,17.9638,-13.9331,-56.643,-88.3105,-92.6371
128824.9552,5.86056,16.1008,17.5084,17.7633,-14.2526,-57.3343,-88.4718,-92.7006
131825.6739,5.85312,15.9667,17.309,17.5628,-14.5792,-58.0223,-88.6324,-92.7655
134896.2883,5.84533,15.8306,17.1095,17.3623,-14.913,-58.7071,-88.7923,-92.8319
138038.4265,5.83719,15.6925,16.9099,17.1617,-15.2542,-59.3882,-88.9515,-92.8998
141253.7545,5.82868,15.5524,16.7102,16.9611,-15.6029,-60.0655,-89.1102,-92.9692
144543.9771,5.81978,15.4103,16.5105,16.7605,-15.9592,-60.7389,-89.2685,-93.0401
147910.8388,5.81047,15.2663,16.3107,16.5599,-16.3234,-61.4081,-89.4264,-93.1127
151356.1248,5.80074,15.1204,16.1108,16.3592,-16.6955,-62.0731,-89.5839,-93.1869
154881.6619,5.79057,14.9727,15.9109,16.1585,-17.0758,-62.7336,-89.7413,-93.2627
158489.3192,5.77994,14.8232,15.7109,15.9577,-17.4643,-63.3895,-89.8985,-93.3403
162181.0097,5.76883,14.6718,15.5109,15.757,-17.8612,-64.0407,-90.0557,-93.4196
165958.6907,5.75722,14.5188,15.3107,15.5561,-18.2666,-64.6871,-90.2128,-93.5008
169824.3652,5.74509,14.364,15.1105,15.3553,-18.6808,-65.3286,-90.3701,-93.5837
173780.0829,5.73241,14.2076,14.9102,15.1544,-19.1039,-65.9651,-90.5276,-93.6685
177827.941,5.71916,14.0496,14.7099,14.9535,-19.536,-66.5966,-90.6854,-93.7553
181970.0859,5.70532,13.89,14.5095,14.7525,-19.9773,-67.223,-90.8435,-93.844
186208.7137,5.69086,13.7288,14.309,14.5515,-20.4279,-67.8443,-91.002,-93.9347
190546.0718,5.67576,13.5662,14.1084,14.3504,-20.888,-68.4604,-91.161,-94.0275
194984.46,5.65998,13.402,13.9078,14.1493,-21.3577,-69.0712,-91.3206,-94.1224
199526.2315,5.64351,13.2365,13.7071,13.9481,-21.8373,-69.6769,-91.4809,-94.2194
204173.7945,5.62632,13.0695,13.5063,13.7468,-22.3268,-70.2774,-91.642,-94.3187
208929.6131,5.60836,12.9012,13.3054,13.5456,-22.8265,-70.8727,-91.8039,-94.4201
213796.209,5.58962,12.7316,13.1045,13.3442,-23.3364,-71.4629,-91.9667,-94.5239
218776.1624,5.57005,12.5607,12.9034,13.1428,-23.8567,-72.0479,-92.1305,-94.63
223872.1139,5.54964,12.3885,12.7023,12.9413,-24.3876,-72.6279,-92.2954,-94.7386
229086.7653,5.52833,12.2152,12.5011,12.7398,-24.9291,-73.2028,-92.4615,-94.8496
234422.8815,5.50611,12.0406,12.2998,12.5381,-25.4816,-73.7728,-92.6288,-94.9631
239883.2919,5.48292,11.8649,12.0985,12.3365,-26.045,-74.3379,-92.7975,-95.0792
245470.8916,5.45874,11.6881,11.897,12.1347,-26.6196,-74.8981,-92.9676,-95.1979
251188.6432,5.43352,11.5102,11.6954,11.9328,-27.2055,-75.4537,-93.1392,-95.3193
257039.5783,5.40723,11.3313,11.4937,11.7309,-27.8028,-76.0046,-93.3123,-95.4434
263026.7992,5.37982,11.1513,11.292,11.5288,-28.4116,-76.551,-93.4872,-95.5703
269153.4804,5.35126,10.9703,11.0901,11.3267,-29.032,-77.093,-93.6638,-95.7001
275422.8703,5.32149,10.7884,10.8881,11.1245,-29.6643,-77.6307,-93.8423,-95.8329
281838.2931,5.29048,10.6055,10.686,10.9221,-30.3084,-78.1643,-94.0227,-95.9686
288403.1503,5.25818,10.4217,10.4837,10.7197,-30.9645,-78.6937,-94.2052,-96.1074
295120.9227,5.22454,10.2369,10.2814,10.5171,-31.6328,-79.2193,-94.3897,-96.2493
301995.172,5.18951,10.0514,10.0789,10.3145,-32.3132,-79.7411,-94.5765,-96.3944
309029.5433,5.15305,9.86493,9.87625,10.1117,-33.0059,-80.2592,-94.7655,-96.5427
316227.766,5.11511,9.67767,9.67348,9.90874,-33.7109,-80.7739,-94.957,-96.6944
323593.6569,5.07563,9.4896,9.47058,9.70568,-34.4284,-81.2852,-95.1509,-96.8495
331131.1215,5.03457,9.30073,9.26752,9.50247,-35.1584,-81.7934,-95.3474,-97.0081
338844.1561,4.99187,9.11109,9.0643,9.29912,-35.901,-82.2985,-95.5466,-97.1702
346736.8505,4.94747,8.92069,8.86092,9.09561,-36.6562,-82.8007,-95.7485,-97.3359
354813.3892,4.90133,8.72955,8.65737,8.89193,-37.4239,-83.3002,-95.9532,-97.5053
363078.0548,4.85338,8.53768,8.45364,8.68809,-38.2044,-83.7972,-96.161,-97.6785
371535.2291,4.80358,8.34509,8.24972,8.48407,-38.9975,-84.2919,-96.3717,-97.8555
380189.3963,4.75185,8.1518,8.04562,8.27987,-39.8033,-84.7843,-96.5856,-98.0364
389045.145,4.69816,7.95782,7.84131,8.07547,-40.6218,-85.2747,-96.8027,-98.2214
398107.1706,4.64243,7.76315,7.63679,7.87086,-41.4529,-85.7633,-97.0232,-98.4104
407380.2778,4.58461,7.56781,7.43205,7.66605,-42.2966,-86.2502,-97.247,-98.6036
416869.3835,4.52464,7.37181,7.22709,7.46102,-43.153,-86.7356,-97.4744,-98.8011
426579.5188,4.46246,7.17514,7.02189,7.25575,-44.0218,-87.2197,-97.7055,-99.0029
436515.8322,4.39801,6.97782,6.81644,7.05025,-44.9031,-87.7026,-97.9402,-99.2091
446683.5922,4.33123,6.77986,6.61073,6.84449,-45.7967,-88.1846,-98.1788,-99.4197
457088.1896,4.26206,6.58124,6.40475,6.63847,-46.7026,-88.6658,-98.4212,-99.635
467735.1413,4.19045,6.38199,6.19849,6.43217,-47.6207,-89.1464,-98.6677,-99.855
478630.0923,4.11632,6.18209,5.99194,6.22559,-48.5507,-89.6267,-98.9184,-100.08
489778.8194,4.03963,5.98155,5.78509,6.01871,-49.4927,-90.1066,-99.1732,-100.309
501187.2336,3.96031,5.78037,5.57791,5.81152,-50.4464,-90.5866,-99.4324,-100.544
512861.384,3.87831,5.57854,5.37041,5.604,-51.4116,-91.0666,-99.6959,-100.783
524807.4602,3.79356,5.37606,5.16256,5.39614,-52.3883,-91.547,-99.9641,-101.028
537031.7964,3.70601,5.17293,4.95434,5.18792,-53.3761,-92.0278,-100.237,-101.277
549540.8739,3.6156,4.96915,4.74576,4.97934,-54.3749,-92.5094,-100.514,-101.533
562341.3252,3.52228,4.7647,4.53678,4.77037,-55.3844,-92.9917,-100.796,-101.793
575439.9373,3.42599,4.55958,4.32739,4.56099,-56.4045,-93.4751,-101.084,-102.059
588843.6554,3.32668,4.35378,4.11758,4.3512,-57.4348,-93.9597,-101.376,-102.33
602559.5861,3.22429,4.1473,3.90732,4.14097,-58.4751,-94.4457,-101.673,-102.607
616595.0019,3.11878,3.94011,3.6966,3.93028,-59.5251,-94.9331,-101.976,-102.89
630957.3445,3.01009,3.73222,3.48541,3.71912,-60.5845,-95.4223,-102.284,-103.179
645654.229,2.89817,3.5236,3.27371,3.50747,-61.6531,-95.9134,-102.597,-103.473
660693.448,2.78298,3.31424,3.06149,3.29529,-62.7305,-96.4065,-102.915,-103.774
676082.9754,2.66448,3.10413,2.84873,3.08259,-63.8164,-96.9017,-103.24,-104.08
691830.9709,2.54261,2.89326,2.63541,2.86932,-64.9104,-97.3993,-103.57,-104.393
707945.7844,2.41734,2.6816,2.4215,2.65548,-66.0123,-97.8995,-103.905,-104.712
724435.9601,2.28863,2.46913,2.20698,2.44103,-67.1216,-98.4022,-104.247,-105.037
741310.2413,2.15644,2.25585,1.99182,2.22595,-68.2379,-98.9078,-104.594,-105.368
758577.575,2.02073,2.04172,1.77601,2.01021,-69.3611,-99.4163,-104.948,-105.706
776247.1166,1.88146,1.82672,1.55951,1.7938,-70.4905,-99.9278,-105.307,-106.05
794328.2347,1.73861,1.61085,1.3423,1.57669,-71.6259,-100.443,-105.673,-106.401
812830.5162,1.59215,1.39406,1.12435,1.35884,-72.7669,-100.961,-106.045,-106.759
831763.7711,1.44204,1.17634,0.905638,1.14022,-73.913,-101.482,-106.423,-107.123
851138.0382,1.28826,0.957658,0.686127,0.920823,-75.0638,-102.007,-106.808,-107.494
870963.59,1.13078,0.737993,0.465789,0.700603,-76.219,-102.536,-107.199,-107.872
891250.9381,0.969585,0.517315,0.244596,0.479532,-77.3782,-103.069,-107.596,-108.257
912010.8394,0.804651,0.295595,0.0225151,0.25758,-78.5408,-103.605,-108,-108.648
933254.3008,0.63596,0.0728053,-0.200485,0.0347142,-79.7065,-104.145,-108.41,-109.047
954992.586,0.463496,-0.151085,-0.424438,-0.189097,-80.8748,-104.69,-108.827,-109.452
977237.221,0.287245,-0.376107,-0.649376,-0.413889,-82.0454,-105.238,-109.251,-109.864
1000000,0.107194,-0.602292,-0.875335,-0.639694,-83.2177,-105.791,-109.681,-110.284
1023292.992,-0.0766652,-0.829673,-1.10235,-0.866547,-84.3914,-106.347,-110.118,-110.71
1047128.548,-0.264342,-1.05828,-1.33045,-1.09449,-85.5659,-106.908,-110.561,-111.143
1071519.305,-0.455841,-1.28816,-1.55968,-1.32354,-86.7409,-107.474,-111.011,-111.583
1096478.196,-0.651167,-1.51933,-1.79008,-1.55376,-87.916,-108.043,-111.468,-112.03
1122018.454,-0.850321,-1.75183,-2.02167,-1.78517,-89.0906,-108.617,-111.931,-112.485
1148153.621,-1.0533,-1.98571,-2.25451,-2.01781,-90.2643,-109.196,-112.401,-112.946
1174897.555,-1.26011,-2.22099,-2.48862,-2.25172,-91.4367,-109.778,-112.877,-113.413
1202264.435,-1.47073,-2.45771,-2.72404,-2.48695,-92.6074,-110.365,-113.36,-113.888
1230268.771,-1.68517,-2.69591,-2.96082,-2.72352,-93.7758,-110.956,-113.849,-114.37
1258925.412,-1.90342,-2.93563,-3.199,-2.96148,-94.9417,-111.552,-114.344,-114.858
1288249.552,-2.12545,-3.1769,-3.4386,-3.20086,-96.1044,-112.151,-114.846,-115.352
1318256.739,-2.35127,-3.41976,-3.67968,-3.44171,-97.2636,-112.755,-115.354,-115.854
1348962.883,-2.58085,-3.66425,-3.92227,-3.68407,-98.4188,-113.363,-115.868,-116.361
1380384.265,-2.81418,-3.91041,-4.16642,-3.92797,-99.5697,-113.974,-116.388,-116.875
1412537.545,-3.05124,-4.15827,-4.41215,-4.17346,-100.716,-114.59,-116.914,-117.395
1445439.771,-3.29201,-4.40787,-4.65951,-4.42058,-101.856,-115.209,-117.445,-117.921
1479108.388,-3.53645,-4.65924,-4.90854,-4.66935,-102.992,-115.831,-117.982,-118.453
1513561.248,-3.78456,-4.91243,-5.15928,-4.91983,-104.12,-116.457,-118.524,-118.991
1548816.619,-4.03629,-5.16746,-5.41175,-5.17205,-105.243,-117.086,-119.072,-119.534
1584893.192,-4.29162,-5.42437,-5.66601,-5.42604,-106.358,-117.719,-119.624,-120.083
1621810.097,-4.55052,-5.68319,-5.92209,-5.68185,-107.467,-118.354,-120.181,-120.636
1659586.907,-4.81295,-5.94396,-6.18002,-5.9395,-108.567,-118.992,-120.743,-121.195
1698243.652,-5.07888,-6.20671,-6.43983,-6.19904,-109.659,-119.632,-121.309,-121.758
1737800.829,-5.34827,-6.47146,-6.70156,-6.46049,-110.743,-120.274,-121.88,-122.325
1778279.41,-5.62107,-6.73824,-6.96525,-6.7239,-111.818,-120.919,-122.454,-122.897
1819700.859,-5.89726,-7.00709,-7.23091,-6.98928,-112.884,-121.565,-123.031,-123.473
1862087.137,-6.17677,-7.27802,-7.49858,-7.25667,-113.94,-122.213,-123.612,-124.052
1905460.718,-6.45957,-7.55106,-7.76829,-7.5261,-114.986,-122.861,-124.196,-124.635
1949844.6,-6.74561,-7.82623,-8.04006,-7.79759,-116.022,-123.511,-124.783,-125.221
1995262.315,-7.03484,-8.10355,-8.31392,-8.07117,-117.047,-124.162,-125.372,-125.809
2041737.945,-7.32721,-8.38304,-8.58988,-8.34686,-118.061,-124.812,-125.963,-126.4
2089296.131,-7.62267,-8.66471,-8.86797,-8.62467,-119.064,-125.463,-126.556,-126.993
2137962.09,-7.92116,-8.94858,-9.14821,-8.90464,-120.055,-126.113,-127.15,-127.588
2187761.624,-8.22263,-9.23465,-9.43061,-9.18677,-121.035,-126.763,-127.745,-128.184
2238721.139,-8.52702,-9.52294,-9.71517,-9.47107,-122.002,-127.411,-128.341,-128.781
2290867.653,-8.83428,-9.81345,-10.0019,-9.75757,-122.957,-128.059,-128.938,-129.379
2344228.815,-9.14434,-10.1062,-10.2909,-10.0463,-123.899,-128.704,-129.534,-129.978
2398832.919,-9.45714,-10.4011,-10.582,-10.3372,-124.829,-129.348,-130.13,-130.576
2454708.916,-9.77263,-10.6983,-10.8753,-10.6303,-125.745,-129.989,-130.726,-131.174
2511886.432,-10.0907,-10.9977,-11.1709,-10.9256,-126.649,-130.627,-131.32,-131.771
2570395.783,-10.4114,-11.2993,-11.4686,-11.2231,-127.538,-131.263,-131.913,-132.367
2630267.992,-10.7346,-11.6031,-11.7686,-11.5228,-128.414,-131.895,-132.503,-132.962
2691534.804,-11.0602,-11.9091,-12.0707,-11.8247,-129.277,-132.523,-133.092,-133.555
2754228.703,-11.3882,-12.2173,-12.375,-12.1289,-130.125,-133.147,-133.678,-134.145
2818382.931,-11.7185,-12.5276,-12.6814,-12.4352,-130.959,-133.767,-134.261,-134.733
2884031.503,-12.051,-12.8401,-12.99,-12.7436,-131.779,-134.381,-134.841,-135.318
2951209.227,-12.3857,-13.1547,-13.3008,-13.0542,-132.585,-134.991,-135.417,-135.9
3019951.72,-12.7225,-13.4714,-13.6136,-13.3669,-133.376,-135.595,-135.989,-136.478
3090295.433,-13.0614,-13.7902,-13.9285,-13.6818,-134.153,-136.194,-136.557,-137.051
3162277.66,-13.4022,-14.1109,-14.2455,-13.9987,-134.915,-136.786,-137.12,-137.621
3235936.569,-13.745,-14.4337,-14.5646,-14.3177,-135.663,-137.372,-137.677,-138.186
3311311.215,-14.0896,-14.7585,-14.8856,-14.6387,-136.396,-137.951,-138.23,-138.745
3388441.561,-14.436,-15.0852,-15.2086,-14.9616,-137.114,-138.523,-138.776,-139.3
3467368.505,-14.7842,-15.4138,-15.5335,-15.2866,-137.818,-139.088,-139.317,-139.848
3548133.892,-15.134,-15.7443,-15.8604,-15.6135,-138.507,-139.646,-139.851,-140.391
3630780.548,-15.4854,-16.0766,-16.1891,-15.9423,-139.181,-140.196,-140.379,-140.927
3715352.291,-15.8383,-16.4106,-16.5196,-16.2729,-139.841,-140.737,-140.899,-141.457
3801893.963,-16.1928,-16.7464,-16.852,-16.6053,-140.485,-141.271,-141.413,-141.98
3890451.45,-16.5486,-17.0839,-17.186,-16.9395,-141.116,-141.796,-141.919,-142.496
3981071.706,-16.9059,-17.4231,-17.5218,-17.2755,-141.731,-142.312,-142.417,-143.004
4073802.778,-17.2644,-17.7638,-17.8592,-17.6131,-142.332,-142.82,-142.908,-143.505
4168693.835,-17.6242,-18.1061,-18.1982,-17.9523,-142.919,-143.318,-143.39,-143.998
4265795.188,-17.9851,-18.4499,-18.5388,-18.2932,-143.492,-143.807,-143.864,-144.483
4365158.322,-18.3472,-18.7951,-18.8808,-18.6355,-144.05,-144.287,-144.329,-144.96
4466835.922,-18.7104,-19.1417,-19.2244,-18.9794,-144.593,-144.757,-144.786,-145.429
4570881.896,-19.0746,-19.4897,-19.5693,-19.3247,-145.123,-145.218,-145.234,-145.889
4677351.413,-19.4397,-19.839,-19.9156,-19.6714,-145.639,-145.669,-145.673,-146.341
4786300.923,-19.8058,-20.1895,-20.2632,-20.0195,-146.141,-146.11,-146.103,-146.783
4897788.194,-20.1727,-20.5412,-20.612,-20.3688,-146.629,-146.542,-146.524,-147.217
5011872.336,-20.5405,-20.894,-20.962,-20.7194,-147.103,-146.963,-146.935,-147.642
5128613.84,-20.909,-21.2479,-21.3132,-21.0711,-147.564,-147.374,-147.337,-148.058
5248074.602,-21.2782,-21.6029,-21.6655,-21.424,-148.012,-147.775,-147.729,-148.464
5370317.964,-21.6481,-21.9588,-22.0188,-21.7779,-148.446,-148.166,-148.112,-148.861
5495408.739,-22.0186,-22.3157,-22.373,-22.1329,-148.867,-148.547,-148.486,-149.249
5623413.252,-22.3897,-22.6734,-22.7282,-22.4888,-149.276,-148.918,-148.849,-149.628
5754399.373,-22.7613,-23.0319,-23.0843,-22.8457,-149.672,-149.279,-149.203,-149.997
5888436.554,-23.1334,-23.3913,-23.4411,-23.2034,-150.055,-149.629,-149.547,-150.357
6025595.861,-23.5059,-23.7513,-23.7988,-23.562,-150.426,-149.97,-149.882,-150.707
6165950.019,-23.8788,-24.1119,-24.1571,-23.9212,-150.784,-150.3,-150.207,-151.048
6309573.445,-24.2521,-24.4732,-24.5161,-24.2812,-151.131,-150.621,-150.522,-151.38
6456542.29,-24.6257,-24.8351,-24.8757,-24.6419,-151.466,-150.931,-150.828,-151.703
6606934.48,-24.9995,-25.1974,-25.2358,-25.0031,-151.789,-151.232,-151.125,-152.016
6760829.754,-25.3736,-25.5602,-25.5965,-25.365,-152.101,-151.523,-151.411,-152.32
6918309.709,-25.7479,-25.9235,-25.9576,-25.7273,-152.401,-151.804,-151.689,-152.615
7079457.844,-26.1223,-26.287,-26.319,-26.09,-152.691,-152.076,-151.957,-152.901
7244359.601,-26.4969,-26.6509,-26.6809,-26.4532,-152.97,-152.339,-152.216,-153.178
7413102.413,-26.8716,-27.0151,-27.043,-26.8167,-153.239,-152.592,-152.467,-153.446
7585775.75,-27.2463,-27.3794,-27.4054,-27.1805,-153.497,-152.836,-152.708,-153.705
7762471.166,-27.621,-27.744,-27.7679,-27.5446,-153.745,-153.071,-152.94,-153.956
7943282.347,-27.9957,-28.1087,-28.1307,-27.9089,-153.983,-153.297,-153.164,-154.199
8128305.162,-28.3704,-28.4734,-28.4935,-28.2734,-154.212,-153.515,-153.38,-154.433
8317637.711,-28.745,-28.8382,-28.8564,-28.6379,-154.432,-153.724,-153.587,-154.659
8511380.382,-29.1195,-29.203,-29.2193,-29.0026,-154.643,-153.925,-153.786,-154.877
8709635.9,-29.4939,-29.5678,-29.5822,-29.3673,-154.845,-154.118,-153.977,-155.088
8912509.381,-29.8682,-29.9325,-29.945,-29.732,-155.038,-154.303,-154.16,-155.29
9120108.394,-30.2423,-30.297,-30.3077,-30.0967,-155.224,-154.481,-154.337,-155.486
9332543.008,-30.6162,-30.6615,-30.6703,-30.4613,-155.402,-154.651,-154.505,-155.674
9549925.86,-30.9898,-31.0257,-31.0327,-30.8258,-155.572,-154.814,-154.667,-155.856
9772372.21,-31.3633,-31.3897,-31.3949,-31.1901,-155.735,-154.971,-154.822,-156.031
10000000,-31.7364,-31.7535,-31.7569,-31.5542,-155.891,-155.121,-154.971,-156.199
10232929.92,-32.1094,-32.117,-32.1185,-31.9181,-156.041,-155.264,-155.113,-156.361
10471285.48,-32.482,-32.4802,-32.4799,-32.2818,-156.184,-155.402,-155.25,-156.518
10715193.05,-32.8544,-32.8431,-32.8409,-32.6452,-156.322,-155.534,-155.38,-156.668
10964781.96,-33.2264,-33.2056,-33.2016,-33.0083,-156.454,-155.66,-155.506,-156.814
11220184.54,-33.5982,-33.5677,-33.5618,-33.3711,-156.581,-155.782,-155.626,-156.954
11481536.21,-33.9696,-33.9295,-33.9217,-33.7335,-156.703,-155.898,-155.742,-157.089
11748975.55,-34.3407,-34.2908,-34.2811,-34.0955,-156.821,-156.01,-155.853,-157.22
12022644.35,-34.7115,-34.6517,-34.6401,-34.4571,-156.934,-156.118,-155.96,-157.347
12302687.71,-35.082,-35.0122,-34.9986,-34.8184,-157.044,-156.222,-156.063,-157.469
12589254.12,-35.4522,-35.3722,-35.3567,-35.1792,-157.151,-156.323,-156.162,-157.588
12882495.52,-35.8221,-35.7318,-35.7143,-35.5395,-157.256,-156.421,-156.259,-157.704
13182567.39,-36.1918,-36.0909,-36.0713,-35.8995,-157.357,-156.516,-156.352,-157.817
13489628.83,-36.5611,-36.4495,-36.4279,-36.2589,-157.457,-156.608,-156.443,-157.927
13803842.65,-36.9302,-36.8077,-36.7839,-36.6179,-157.555,-156.698,-156.532,-158.035
14125375.45,-37.299,-37.1654,-37.1395,-36.9764,-157.652,-156.787,-156.619,-158.141
14454397.71,-37.6677,-37.5226,-37.4946,-37.3345,-157.748,-156.874,-156.704,-158.246
14791083.88,-38.0362,-37.8794,-37.8491,-37.6921,-157.845,-156.96,-156.789,-158.349
15135612.48,-38.4045,-38.2358,-38.2032,-38.0492,-157.941,-157.045,-156.872,-158.45
15488166.19,-38.7727,-38.5917,-38.5568,-38.4059,-158.038,-157.131,-156.955,-158.552
15848931.92,-39.1408,-38.9473,-38.9099,-38.7621,-158.136,-157.216,-157.037,-158.652
16218100.97,-39.5088,-39.3024,-39.2626,-39.1179,-158.235,-157.301,-157.12,-158.753
16595869.07,-39.8769,-39.6572,-39.6148,-39.4732,-158.336,-157.387,-157.203,-158.854
16982436.52,-40.245,-40.0116,-39.9666,-39.8282,-158.44,-157.474,-157.287,-158.955
17378008.29,-40.6133,-40.3657,-40.3181,-40.1828,-158.547,-157.562,-157.372,-159.058
17782794.1,-40.9816,-40.7196,-40.6691,-40.537,-158.657,-157.652,-157.458,-159.161
18197008.59,-41.3502,-41.0732,-41.0199,-40.8909,-158.771,-157.744,-157.546,-159.265
18620871.37,-41.7191,-41.4266,-41.3703,-41.2444,-158.89,-157.837,-157.635,-159.372
19054607.18,-42.0884,-41.7798,-41.7205,-41.5977,-159.013,-157.934,-157.727,-159.48
19498446,-42.458,-42.1328,-42.0704,-41.9507,-159.141,-158.033,-157.82,-159.59
19952623.15,-42.8281,-42.4858,-42.4201,-42.3035,-159.276,-158.135,-157.916,-159.702
20417379.45,-43.1988,-42.8387,-42.7697,-42.6561,-159.416,-158.24,-158.015,-159.817
20892961.31,-43.5702,-43.1916,-43.1191,-43.0086,-159.563,-158.349,-158.117,-159.935
21379620.9,-43.9422,-43.5445,-43.4684,-43.3609,-159.718,-158.461,-158.222,-160.055
21877616.24,-44.3151,-43.8975,-43.8178,-43.7132,-159.881,-158.577,-158.329,-160.179
22387211.39,-44.6889,-44.2507,-44.1671,-44.0654,-160.052,-158.697,-158.441,-160.305
22908676.53,-45.0637,-44.604,-44.5164,-44.4176,-160.231,-158.822,-158.555,-160.435
23442288.15,-45.4396,-44.9576,-44.8658,-44.7698,-160.421,-158.95,-158.673,-160.568
23988329.19,-45.8167,-45.3115,-45.2154,-45.1221,-160.62,-159.083,-158.795,-160.705
24547089.16,-46.1951,-45.6657,-45.5652,-45.4745,-160.831,-159.221,-158.92,-160.845
