"FREQ","U1(OP)","U2(OP)","U3(OP)","U4(OP)","U1 fase","U2 fase","U3 fase","U4 fase"
1,6.02028,20.8272,40.0824,79.6301,-3.34832e-005,-0.000183028,-0.00167783,-0.159249
1.023292992,6.02028,20.8272,40.0824,79.6301,-3.42631e-005,-0.000187291,-0.00171691,-0.162959
1.047128548,6.02028,20.8272,40.0824,79.6301,-3.50612e-005,-0.000191653,-0.0017569,-0.166755
1.071519305,6.02028,20.8272,40.0824,79.6301,-3.58779e-005,-0.000196118,-0.00179782,-0.170639
1.096478196,6.02028,20.8272,40.0824,79.6301,-3.67136e-005,-0.000200686,-0.0018397,-0.174613
1.122018454,6.02028,20.8272,40.0824,79.6301,-3.75688e-005,-0.00020536,-0.00188255,-0.178681
1.148153621,6.02028,20.8272,40.0824,79.6301,-3.84439e-005,-0.000210144,-0.0019264,-0.182843
1.174897555,6.02028,20.8272,40.0824,79.6301,-3.93394e-005,-0.000215039,-0.00197128,-0.187102
1.202264435,6.02028,20.8272,40.0824,79.6301,-4.02557e-005,-0.000220048,-0.00201719,-0.19146
1.230268771,6.02028,20.8272,40.0824,79.6301,-4.11934e-005,-0.000225173,-0.00206418,-0.195919
1.258925412,6.02028,20.8272,40.0824,79.6301,-4.21529e-005,-0.000230418,-0.00211226,-0.200483
1.288249552,6.02028,20.8272,40.0824,79.6301,-4.31347e-005,-0.000235785,-0.00216146,-0.205153
1.318256739,6.02028,20.8272,40.0824,79.6301,-4.41395e-005,-0.000241277,-0.00221181,-0.209931
1.348962883,6.02028,20.8272,40.0824,79.6301,-4.51676e-005,-0.000246898,-0.00226333,-0.214821
1.380384265,6.02028,20.8272,40.0824,79.6301,-4.62197e-005,-0.000252649,-0.00231605,-0.219825
1.412537545,6.02028,20.8272,40.0824,79.6301,-4.72963e-005,-0.000258533,-0.00236999,-0.224945
1.445439771,6.02028,20.8272,40.0824,79.6301,-4.8398e-005,-0.000264555,-0.0024252,-0.230185
1.479108388,6.02028,20.8272,40.0824,79.6301,-4.95253e-005,-0.000270718,-0.00248169,-0.235546
1.513561248,6.02028,20.8272,40.0824,79.6301,-5.06789e-005,-0.000277024,-0.00253949,-0.241033
1.548816619,6.02028,20.8272,40.0824,79.6301,-5.18594e-005,-0.000283476,-0.00259865,-0.246647
1.584893192,6.02028,20.8272,40.0824,79.6301,-5.30673e-005,-0.000290079,-0.00265918,-0.252392
1.621810097,6.02028,20.8272,40.0824,79.6301,-5.43034e-005,-0.000296836,-0.00272112,-0.258271
1.659586907,6.02028,20.8272,40.0824,79.6301,-5.55683e-005,-0.00030375,-0.0027845,-0.264287
1.698243652,6.02028,20.8272,40.0824,79.6301,-5.68627e-005,-0.000310826,-0.00284936,-0.270443
1.737800829,6.02028,20.8272,40.0824,79.6301,-5.81872e-005,-0.000318066,-0.00291573,-0.276742
1.77827941,6.02028,20.8272,40.0824,79.6301,-5.95425e-005,-0.000325474,-0.00298365,-0.283188
1.819700859,6.02028,20.8272,40.0824,79.6301,-6.09294e-005,-0.000333056,-0.00305314,-0.289785
1.862087137,6.02028,20.8272,40.0824,79.63,-6.23487e-005,-0.000340813,-0.00312426,-0.296534
1.905460718,6.02028,20.8272,40.0824,79.63,-6.3801e-005,-0.000348752,-0.00319703,-0.303441
1.9498446,6.02028,20.8272,40.0824,79.63,-6.52871e-005,-0.000356875,-0.0032715,-0.310509
1.995262315,6.02028,20.8272,40.0824,79.63,-6.68078e-005,-0.000365188,-0.00334771,-0.317742
2.041737945,6.02028,20.8272,40.0824,79.63,-6.8364e-005,-0.000373695,-0.00342568,-0.325143
2.089296131,6.02028,20.8272,40.0824,79.63,-6.99564e-005,-0.000382399,-0.00350548,-0.332716
2.13796209,6.02028,20.8272,40.0824,79.63,-7.15859e-005,-0.000391306,-0.00358713,-0.340466
2.187761624,6.02028,20.8272,40.0824,79.63,-7.32533e-005,-0.000400421,-0.00367069,-0.348396
2.238721139,6.02028,20.8272,40.0824,79.63,-7.49596e-005,-0.000409748,-0.00375619,-0.356511
2.290867653,6.02028,20.8272,40.0824,79.63,-7.67056e-005,-0.000419292,-0.00384368,-0.364815
2.344228815,6.02028,20.8272,40.0824,79.63,-7.84923e-005,-0.000429059,-0.00393321,-0.373313
2.398832919,6.02028,20.8272,40.0824,79.63,-8.03207e-005,-0.000439053,-0.00402483,-0.382008
2.454708916,6.02028,20.8272,40.0824,79.63,-8.21916e-005,-0.00044928,-0.00411858,-0.390906
2.511886432,6.02028,20.8272,40.0824,79.63,-8.4106e-005,-0.000459745,-0.00421451,-0.400011
2.570395783,6.02028,20.8272,40.0824,79.6299,-8.60651e-005,-0.000470454,-0.00431268,-0.409328
2.630267992,6.02028,20.8272,40.0824,79.6299,-8.80698e-005,-0.000481412,-0.00441314,-0.418862
2.691534804,6.02028,20.8272,40.0824,79.6299,-9.01213e-005,-0.000492625,-0.00451593,-0.428618
2.754228703,6.02028,20.8272,40.0824,79.6299,-9.22204e-005,-0.0005041,-0.00462112,-0.438602
2.818382931,6.02028,20.8272,40.0824,79.6299,-9.43685e-005,-0.000515842,-0.00472876,-0.448818
2.884031503,6.02028,20.8272,40.0824,79.6299,-9.65667e-005,-0.000527858,-0.00483891,-0.459272
2.951209227,6.02028,20.8272,40.0824,79.6299,-9.8816e-005,-0.000540153,-0.00495162,-0.469969
3.01995172,6.02028,20.8272,40.0824,79.6299,-0.000101118,-0.000552735,-0.00506696,-0.480915
3.090295433,6.02028,20.8272,40.0824,79.6298,-0.000103473,-0.00056561,-0.00518498,-0.492117
3.16227766,6.02028,20.8272,40.0824,79.6298,-0.000105883,-0.000578784,-0.00530576,-0.503579
3.235936569,6.02028,20.8272,40.0824,79.6298,-0.00010835,-0.000592266,-0.00542934,-0.515308
3.311311215,6.02028,20.8272,40.0824,79.6298,-0.000110873,-0.000606062,-0.00555581,-0.527311
3.388441561,6.02028,20.8272,40.0824,79.6298,-0.000113456,-0.000620179,-0.00568522,-0.539593
3.467368505,6.02028,20.8272,40.0824,79.6298,-0.000116099,-0.000634624,-0.00581765,-0.552161
3.548133892,6.02028,20.8272,40.0824,79.6297,-0.000118803,-0.000649407,-0.00595316,-0.565021
3.630780548,6.02028,20.8272,40.0824,79.6297,-0.00012157,-0.000664533,-0.00609182,-0.578181
3.715352291,6.02028,20.8272,40.0824,79.6297,-0.000124402,-0.000680012,-0.00623372,-0.591648
3.801893963,6.02028,20.8272,40.0824,79.6297,-0.0001273,-0.000695852,-0.00637892,-0.605428
3.89045145,6.02028,20.8272,40.0824,79.6297,-0.000130265,-0.00071206,-0.00652751,-0.619529
3.981071706,6.02028,20.8272,40.0824,79.6296,-0.000133299,-0.000728646,-0.00667955,-0.633959
4.073802778,6.02028,20.8272,40.0824,79.6296,-0.000136404,-0.000745619,-0.00683514,-0.648725
4.168693835,6.02028,20.8272,40.0824,79.6296,-0.000139581,-0.000762986,-0.00699435,-0.663834
4.265795188,6.02028,20.8272,40.0824,79.6296,-0.000142833,-0.000780759,-0.00715727,-0.679295
4.365158322,6.02028,20.8272,40.0824,79.6295,-0.00014616,-0.000798945,-0.00732398,-0.695117
4.466835922,6.02028,20.8272,40.0824,79.6295,-0.000149564,-0.000817555,-0.00749458,-0.711306
4.570881896,6.02028,20.8272,40.0824,79.6295,-0.000153048,-0.000836598,-0.00766915,-0.727873
4.677351413,6.02028,20.8272,40.0824,79.6294,-0.000156613,-0.000856085,-0.00784779,-0.744825
4.786300923,6.02028,20.8272,40.0824,79.6294,-0.000160261,-0.000876025,-0.00803059,-0.762173
4.897788194,6.02028,20.8272,40.0824,79.6294,-0.000163994,-0.000896431,-0.00821764,-0.779924
5.011872336,6.02028,20.8272,40.0824,79.6293,-0.000167814,-0.000917311,-0.00840906,-0.798088
5.12861384,6.02028,20.8272,40.0824,79.6293,-0.000171723,-0.000938678,-0.00860493,-0.816675
5.248074602,6.02028,20.8272,40.0824,79.6292,-0.000175722,-0.000960543,-0.00880536,-0.835696
5.370317964,6.02028,20.8272,40.0824,79.6292,-0.000179816,-0.000982917,-0.00901047,-0.855159
5.495408739,6.02028,20.8272,40.0824,79.6291,-0.000184004,-0.00100581,-0.00922035,-0.875075
5.623413252,6.02028,20.8272,40.0824,79.6291,-0.00018829,-0.00102924,-0.00943512,-0.895455
5.754399373,6.02028,20.8272,40.0824,79.6291,-0.000192676,-0.00105321,-0.00965489,-0.916309
5.888436554,6.02028,20.8272,40.0824,79.629,-0.000197164,-0.00107775,-0.00987978,-0.937649
6.025595861,6.02028,20.8272,40.0824,79.6289,-0.000201756,-0.00110285,-0.0101099,-0.959485
6.165950019,6.02028,20.8272,40.0824,79.6289,-0.000206456,-0.00112854,-0.0103454,-0.98183
6.309573445,6.02028,20.8272,40.0824,79.6288,-0.000211265,-0.00115483,-0.0105864,-1.0047
6.45654229,6.02028,20.8272,40.0824,79.6288,-0.000216186,-0.00118173,-0.010833,-1.02809
6.60693448,6.02028,20.8272,40.0824,79.6287,-0.000221221,-0.00120925,-0.0110853,-1.05203
6.760829754,6.02028,20.8272,40.0824,79.6286,-0.000226374,-0.00123742,-0.0113435,-1.07653
6.918309709,6.02028,20.8272,40.0824,79.6286,-0.000231647,-0.00126624,-0.0116077,-1.1016
7.079457844,6.02028,20.8272,40.0824,79.6285,-0.000237043,-0.00129574,-0.0118781,-1.12726
7.244359601,6.02028,20.8272,40.0824,79.6284,-0.000242564,-0.00132592,-0.0121548,-1.15351
7.413102413,6.02028,20.8272,40.0824,79.6283,-0.000248215,-0.0013568,-0.0124379,-1.18037
7.58577575,6.02028,20.8272,40.0824,79.6282,-0.000253996,-0.00138841,-0.0127276,-1.20785
7.762471166,6.02028,20.8272,40.0824,79.6281,-0.000259913,-0.00142075,-0.0130241,-1.23598
7.943282347,6.02028,20.8272,40.0824,79.628,-0.000265967,-0.00145384,-0.0133275,-1.26476
8.128305162,6.02028,20.8272,40.0824,79.6279,-0.000272162,-0.0014877,-0.0136379,-1.29421
8.317637711,6.02028,20.8272,40.0824,79.6278,-0.000278501,-0.00152236,-0.0139556,-1.32435
8.511380382,6.02028,20.8272,40.0824,79.6277,-0.000284988,-0.00155782,-0.0142806,-1.35518
8.7096359,6.02028,20.8272,40.0824,79.6276,-0.000291627,-0.0015941,-0.0146133,-1.38674
8.912509381,6.02028,20.8272,40.0824,79.6275,-0.00029842,-0.00163124,-0.0149537,-1.41903
9.120108394,6.02028,20.8272,40.0824,79.6274,-0.000305371,-0.00166923,-0.015302,-1.45206
9.332543008,6.02028,20.8272,40.0824,79.6272,-0.000312484,-0.00170811,-0.0156584,-1.48587
9.54992586,6.02028,20.8272,40.0824,79.6271,-0.000319762,-0.0017479,-0.0160231,-1.52047
9.77237221,6.02028,20.8272,40.0824,79.627,-0.000327211,-0.00178861,-0.0163964,-1.55587
10,6.02028,20.8272,40.0824,79.6268,-0.000334832,-0.00183028,-0.0167783,-1.59209
10.23292992,6.02028,20.8272,40.0824,79.6267,-0.000342631,-0.00187291,-0.0171691,-1.62915
10.47128548,6.02028,20.8272,40.0824,79.6265,-0.000350612,-0.00191653,-0.017569,-1.66708
10.71519305,6.02028,20.8272,40.0824,79.6263,-0.000358779,-0.00196118,-0.0179782,-1.70589
10.96478196,6.02028,20.8272,40.0824,79.6261,-0.000367136,-0.00200686,-0.018397,-1.7456
11.22018454,6.02028,20.8272,40.0824,79.6259,-0.000375688,-0.0020536,-0.0188255,-1.78623
11.48153621,6.02028,20.8272,40.0824,79.6257,-0.000384439,-0.00210144,-0.019264,-1.82781
11.74897555,6.02028,20.8272,40.0824,79.6255,-0.000393394,-0.00215039,-0.0197128,-1.87036
12.02264435,6.02028,20.8272,40.0824,79.6253,-0.000402557,-0.00220048,-0.0201719,-1.91389
12.30268771,6.02028,20.8272,40.0824,79.6251,-0.000411934,-0.00225173,-0.0206418,-1.95844
12.58925412,6.02028,20.8272,40.0824,79.6248,-0.000421529,-0.00230418,-0.0211226,-2.00402
12.88249552,6.02028,20.8272,40.0824,79.6246,-0.000431347,-0.00235785,-0.0216146,-2.05066
13.18256739,6.02028,20.8272,40.0824,79.6243,-0.000441395,-0.00241277,-0.0221181,-2.09838
13.48962883,6.02028,20.8272,40.0824,79.6241,-0.000451676,-0.00246898,-0.0226333,-2.14722
13.80384265,6.02028,20.8272,40.0824,79.6238,-0.000462197,-0.00252649,-0.0231605,-2.19718
14.12537545,6.02028,20.8272,40.0824,79.6235,-0.000472963,-0.00258533,-0.0236999,-2.24831
14.45439771,6.02028,20.8272,40.0824,79.6232,-0.00048398,-0.00264555,-0.024252,-2.30062
14.79108388,6.02028,20.8272,40.0824,79.6228,-0.000495253,-0.00270718,-0.0248169,-2.35415
15.13561248,6.02028,20.8272,40.0824,79.6225,-0.000506789,-0.00277024,-0.0253949,-2.40892
15.48816619,6.02028,20.8272,40.0824,79.6221,-0.000518594,-0.00283476,-0.0259865,-2.46497
15.84893192,6.02028,20.8272,40.0824,79.6217,-0.000530673,-0.00290079,-0.0265918,-2.52231
16.21810097,6.02028,20.8272,40.0824,79.6213,-0.000543034,-0.00296836,-0.0272112,-2.58098
16.59586907,6.02028,20.8272,40.0824,79.6209,-0.000555683,-0.0030375,-0.027845,-2.64102
16.98243652,6.02028,20.8272,40.0824,79.6205,-0.000568627,-0.00310826,-0.0284936,-2.70244
17.37800829,6.02028,20.8272,40.0824,79.62,-0.000581872,-0.00318066,-0.0291573,-2.7653
17.7827941,6.02028,20.8272,40.0824,79.6196,-0.000595425,-0.00325474,-0.0298365,-2.8296
18.19700859,6.02028,20.8272,40.0824,79.6191,-0.000609294,-0.00333056,-0.0305314,-2.8954
18.62087137,6.02028,20.8272,40.0824,79.6185,-0.000623487,-0.00340813,-0.0312426,-2.96273
19.05460718,6.02028,20.8272,40.0824,79.618,-0.00063801,-0.00348752,-0.0319703,-3.03161
19.498446,6.02028,20.8272,40.0824,79.6174,-0.000652871,-0.00356875,-0.032715,-3.10209
19.95262315,6.02028,20.8272,40.0824,79.6168,-0.000668078,-0.00365188,-0.0334771,-3.1742
20.41737945,6.02028,20.8272,40.0824,79.6162,-0.00068364,-0.00373695,-0.0342568,-3.24798
20.89296131,6.02028,20.8272,40.0824,79.6155,-0.000699564,-0.00382399,-0.0350548,-3.32347
21.3796209,6.02028,20.8272,40.0824,79.6149,-0.000715859,-0.00391306,-0.0358713,-3.4007
21.87761624,6.02028,20.8272,40.0824,79.6141,-0.000732533,-0.00400421,-0.0367069,-3.47972
22.38721139,6.02028,20.8272,40.0824,79.6134,-0.000749596,-0.00409748,-0.0375619,-3.56057
22.90867653,6.02028,20.8272,40.0824,79.6126,-0.000767056,-0.00419292,-0.0384368,-3.64328
23.44228815,6.02028,20.8272,40.0824,79.6118,-0.000784923,-0.00429059,-0.0393321,-3.72791
23.98832919,6.02028,20.8272,40.0824,79.6109,-0.000803207,-0.00439053,-0.0402483,-3.81449
24.54708916,6.02028,20.8272,40.0824,79.61,-0.000821916,-0.0044928,-0.0411858,-3.90307
25.11886432,6.02028,20.8272,40.0824,79.609,-0.00084106,-0.00459745,-0.0421451,-3.99369
25.70395783,6.02028,20.8272,40.0824,79.6081,-0.000860651,-0.00470454,-0.0431268,-4.08641
26.30267992,6.02028,20.8272,40.0824,79.607,-0.000880698,-0.00481412,-0.0441313,-4.18126
26.91534804,6.02028,20.8272,40.0824,79.6059,-0.000901213,-0.00492625,-0.0451593,-4.2783
27.54228703,6.02028,20.8272,40.0824,79.6048,-0.000922204,-0.005041,-0.0462112,-4.37757
28.18382931,6.02028,20.8272,40.0824,79.6036,-0.000943685,-0.00515842,-0.0472876,-4.47912
28.84031503,6.02028,20.8272,40.0824,79.6023,-0.000965667,-0.00527858,-0.0483891,-4.58302
29.51209227,6.02028,20.8272,40.0824,79.601,-0.00098816,-0.00540153,-0.0495162,-4.6893
30.1995172,6.02028,20.8272,40.0824,79.5997,-0.00101118,-0.00552735,-0.0506696,-4.79802
30.90295433,6.02028,20.8272,40.0824,79.5982,-0.00103473,-0.0056561,-0.0518498,-4.90924
31.6227766,6.02028,20.8272,40.0824,79.5967,-0.00105883,-0.00578784,-0.0530575,-5.02301
32.35936569,6.02028,20.8272,40.0824,79.5952,-0.0010835,-0.00592266,-0.0542934,-5.1394
33.11311215,6.02028,20.8272,40.0824,79.5935,-0.00110873,-0.00606062,-0.0555581,-5.25845
33.88441561,6.02028,20.8272,40.0824,79.5918,-0.00113456,-0.00620179,-0.0568522,-5.38022
34.67368505,6.02028,20.8272,40.0824,79.59,-0.00116099,-0.00634624,-0.0581764,-5.50478
35.48133892,6.02028,20.8272,40.0824,79.5881,-0.00118803,-0.00649407,-0.0595315,-5.63219
36.30780548,6.02028,20.8272,40.0824,79.5862,-0.0012157,-0.00664533,-0.0609182,-5.76251
37.15352291,6.02028,20.8272,40.0824,79.5841,-0.00124402,-0.00680012,-0.0623372,-5.8958
38.01893963,6.02028,20.8272,40.0824,79.5819,-0.001273,-0.00695852,-0.0637892,-6.03213
38.9045145,6.02028,20.8272,40.0824,79.5797,-0.00130265,-0.0071206,-0.065275,-6.17156
39.81071706,6.02028,20.8272,40.0824,79.5773,-0.00133299,-0.00728646,-0.0667955,-6.31417
40.73802778,6.02028,20.8272,40.0824,79.5748,-0.00136404,-0.00745619,-0.0683513,-6.46001
41.68693835,6.02028,20.8272,40.0824,79.5723,-0.00139581,-0.00762986,-0.0699434,-6.60917
42.65795188,6.02028,20.8272,40.0824,79.5695,-0.00142833,-0.00780759,-0.0715726,-6.76171
43.65158322,6.02028,20.8272,40.0824,79.5667,-0.0014616,-0.00798945,-0.0732398,-6.9177
44.66835922,6.02028,20.8272,40.0824,79.5637,-0.00149564,-0.00817555,-0.0749457,-7.07722
45.70881896,6.02028,20.8272,40.0824,79.5606,-0.00153048,-0.00836598,-0.0766915,-7.24034
46.77351413,6.02028,20.8272,40.0824,79.5574,-0.00156613,-0.00856085,-0.0784778,-7.40714
47.86300923,6.02028,20.8272,40.0824,79.554,-0.00160261,-0.00876025,-0.0803058,-7.57769
48.97788194,6.02028,20.8272,40.0824,79.5504,-0.00163994,-0.00896431,-0.0821764,-7.75207
50.11872336,6.02028,20.8272,40.0824,79.5467,-0.00167814,-0.00917311,-0.0840905,-7.93037
51.2861384,6.02028,20.8272,40.0824,79.5428,-0.00171723,-0.00938678,-0.0860492,-8.11266
52.48074602,6.02028,20.8272,40.0824,79.5387,-0.00175722,-0.00960543,-0.0880536,-8.29903
53.70317964,6.02028,20.8272,40.0824,79.5345,-0.00179816,-0.00982917,-0.0901046,-8.48955
54.95408739,6.02028,20.8272,40.0824,79.53,-0.00184004,-0.0100581,-0.0922034,-8.68432
56.23413252,6.02028,20.8272,40.0824,79.5254,-0.0018829,-0.0102924,-0.0943511,-8.88341
57.54399373,6.02028,20.8272,40.0824,79.5205,-0.00192676,-0.0105321,-0.0965488,-9.08692
58.88436554,6.02028,20.8272,40.0824,79.5154,-0.00197164,-0.0107775,-0.0987977,-9.29493
60.25595861,6.02028,20.8272,40.0824,79.51,-0.00201756,-0.0110285,-0.101099,-9.50753
61.65950019,6.02028,20.8272,40.0824,79.5045,-0.00206456,-0.0112854,-0.103454,-9.72481
63.09573445,6.02028,20.8272,40.0824,79.4986,-0.00211265,-0.0115483,-0.105864,-9.94685
64.5654229,6.02028,20.8272,40.0824,79.4925,-0.00216186,-0.0118173,-0.10833,-10.1738
66.0693448,6.02028,20.8272,40.0824,79.4861,-0.00221221,-0.0120925,-0.110853,-10.4056
67.60829754,6.02028,20.8272,40.0824,79.4795,-0.00226374,-0.0123742,-0.113435,-10.6425
69.18309709,6.02028,20.8272,40.0823,79.4725,-0.00231647,-0.0126624,-0.116077,-10.8846
70.79457844,6.02028,20.8272,40.0823,79.4652,-0.00237043,-0.0129574,-0.118781,-11.1318
72.44359601,6.02028,20.8272,40.0823,79.4576,-0.00242564,-0.0132592,-0.121548,-11.3844
74.13102413,6.02028,20.8272,40.0823,79.4496,-0.00248215,-0.013568,-0.124379,-11.6424
75.8577575,6.02028,20.8272,40.0823,79.4413,-0.00253996,-0.0138841,-0.127276,-11.906
77.62471166,6.02028,20.8272,40.0823,79.4326,-0.00259913,-0.0142075,-0.130241,-12.1751
79.43282347,6.02028,20.8272,40.0823,79.4235,-0.00265967,-0.0145384,-0.133274,-12.45
81.28305162,6.02028,20.8272,40.0823,79.414,-0.00272162,-0.014877,-0.136379,-12.7306
83.17637711,6.02028,20.8272,40.0823,79.4041,-0.00278501,-0.0152236,-0.139555,-13.0172
85.11380382,6.02028,20.8272,40.0823,79.3937,-0.00284988,-0.0155782,-0.142806,-13.3097
87.096359,6.02028,20.8272,40.0823,79.3829,-0.00291627,-0.015941,-0.146132,-13.6083
89.12509381,6.02028,20.8272,40.0823,79.3715,-0.0029842,-0.0163124,-0.149536,-13.9131
91.20108394,6.02028,20.8272,40.0823,79.3597,-0.00305371,-0.0166923,-0.153019,-14.2242
93.32543008,6.02028,20.8272,40.0823,79.3474,-0.00312484,-0.0170811,-0.156584,-14.5416
95.4992586,6.02028,20.8272,40.0823,79.3345,-0.00319762,-0.017479,-0.160231,-14.8655
97.7237221,6.02028,20.8272,40.0823,79.3211,-0.00327211,-0.0178861,-0.163963,-15.1959
100,6.02028,20.8272,40.0823,79.307,-0.00334832,-0.0183028,-0.167782,-15.533
102.3292992,6.02028,20.8272,40.0823,79.2924,-0.00342631,-0.0187291,-0.17169,-15.8767
104.7128548,6.02028,20.8272,40.0823,79.2771,-0.00350612,-0.0191653,-0.17569,-16.2273
107.1519305,6.02028,20.8272,40.0823,79.2611,-0.00358779,-0.0196118,-0.179782,-16.5847
109.6478196,6.02028,20.8272,40.0823,79.2445,-0.00367136,-0.0200686,-0.183969,-16.9491
112.2018454,6.02028,20.8272,40.0823,79.2271,-0.00375688,-0.020536,-0.188255,-17.3206
114.8153621,6.02028,20.8272,40.0823,79.209,-0.00384439,-0.0210144,-0.19264,-17.6991
117.4897555,6.02028,20.8272,40.0823,79.1902,-0.00393394,-0.0215039,-0.197127,-18.0848
120.2264435,6.02028,20.8272,40.0823,79.1705,-0.00402557,-0.0220048,-0.201718,-18.4777
123.0268771,6.02028,20.8272,40.0823,79.15,-0.00411934,-0.0225173,-0.206417,-18.878
125.8925412,6.02028,20.8272,40.0823,79.1286,-0.00421529,-0.0230418,-0.211225,-19.2856
128.8249552,6.02028,20.8272,40.0823,79.1063,-0.00431347,-0.0235785,-0.216145,-19.7006
131.8256739,6.02028,20.8272,40.0823,79.0831,-0.00441395,-0.0241277,-0.22118,-20.123
134.8962883,6.02028,20.8272,40.0823,79.059,-0.00451676,-0.0246898,-0.226332,-20.5529
138.0384265,6.02028,20.8272,40.0823,79.0338,-0.00462197,-0.0252648,-0.231603,-20.9904
141.2537545,6.02028,20.8272,40.0823,79.0076,-0.00472963,-0.0258533,-0.236998,-21.4354
144.5439771,6.02028,20.8272,40.0823,78.9804,-0.0048398,-0.0264555,-0.242518,-21.888
147.9108388,6.02028,20.8272,40.0823,78.9521,-0.00495253,-0.0270718,-0.248167,-22.3482
151.3561248,6.02028,20.8272,40.0823,78.9226,-0.00506789,-0.0277024,-0.253948,-22.8159
154.8816619,6.02028,20.8272,40.0823,78.8919,-0.00518594,-0.0283476,-0.259863,-23.2913
158.4893192,6.02028,20.8272,40.0823,78.86,-0.00530673,-0.0290079,-0.265916,-23.7742
162.1810097,6.02028,20.8272,40.0823,78.8269,-0.00543034,-0.0296836,-0.27211,-24.2647
165.9586907,6.02028,20.8272,40.0823,78.7925,-0.00555683,-0.030375,-0.278448,-24.7628
169.8243652,6.02028,20.8272,40.0823,78.7567,-0.00568627,-0.0310826,-0.284934,-25.2683
173.7800829,6.02028,20.8272,40.0823,78.7196,-0.00581872,-0.0318066,-0.29157,-25.7813
177.827941,6.02028,20.8272,40.0823,78.681,-0.00595425,-0.0325474,-0.298362,-26.3017
181.9700859,6.02028,20.8272,40.0822,78.641,-0.00609294,-0.0333056,-0.305312,-26.8294
186.2087137,6.02028,20.8272,40.0822,78.5995,-0.00623487,-0.0340813,-0.312423,-27.3644
190.5460718,6.02028,20.8272,40.0822,78.5565,-0.0063801,-0.0348752,-0.3197,-27.9065
194.98446,6.02028,20.8272,40.0822,78.5119,-0.00652871,-0.0356875,-0.327147,-28.4557
199.5262315,6.02028,20.8272,40.0822,78.4657,-0.00668078,-0.0365188,-0.334767,-29.0118
204.1737945,6.02028,20.8272,40.0822,78.4178,-0.0068364,-0.0373694,-0.342564,-29.5748
208.9296131,6.02028,20.8272,40.0822,78.3683,-0.00699564,-0.0382399,-0.350544,-30.1445
213.796209,6.02028,20.8272,40.0822,78.317,-0.00715859,-0.0391306,-0.358709,-30.7206
218.7761624,6.02028,20.8272,40.0822,78.2639,-0.00732533,-0.0400421,-0.367064,-31.3032
223.8721139,6.02028,20.8272,40.0822,78.209,-0.00749596,-0.0409748,-0.375613,-31.892
229.0867653,6.02028,20.8272,40.0822,78.1522,-0.00767056,-0.0419292,-0.384362,-32.4868
234.4228815,6.02028,20.8272,40.0822,78.0936,-0.00784923,-0.0429059,-0.393315,-33.0874
239.8832919,6.02028,20.8272,40.0822,78.033,-0.00803207,-0.0439053,-0.402476,-33.6936
245.4708916,6.02028,20.8272,40.0821,77.9705,-0.00821916,-0.044928,-0.411851,-34.3052
251.1886432,6.02028,20.8272,40.0821,77.906,-0.0084106,-0.0459745,-0.421444,-34.922
257.0395783,6.02028,20.8272,40.0821,77.8394,-0.00860651,-0.0470453,-0.43126,-35.5437
263.0267992,6.02028,20.8272,40.0821,77.7708,-0.00880698,-0.0481412,-0.441305,-36.1701
269.1534804,6.02028,20.8272,40.0821,77.7001,-0.00901213,-0.0492625,-0.451584,-36.8008
275.4228703,6.02028,20.8272,40.0821,77.6273,-0.00922204,-0.05041,-0.462102,-37.4357
281.8382931,6.02028,20.8272,40.0821,77.5523,-0.00943685,-0.0515842,-0.472865,-38.0744
288.4031503,6.02028,20.8272,40.0821,77.4751,-0.00965667,-0.0527857,-0.483879,-38.7166
295.1209227,6.02028,20.8272,40.082,77.3958,-0.0098816,-0.0540153,-0.49515,-39.362
301.995172,6.02028,20.8272,40.082,77.3143,-0.0101118,-0.0552735,-0.506683,-40.0104
309.0295433,6.02028,20.8272,40.082,77.2305,-0.0103473,-0.0565609,-0.518484,-40.6613
316.227766,6.02028,20.8272,40.082,77.1445,-0.0105883,-0.0578784,-0.530561,-41.3146
323.5936569,6.02028,20.8272,40.082,77.0562,-0.010835,-0.0592266,-0.542918,-41.9697
331.1311215,6.02028,20.8272,40.082,76.9656,-0.0110873,-0.0606061,-0.555564,-42.6265
338.8441561,6.02028,20.8272,40.0819,76.8727,-0.0113456,-0.0620178,-0.568504,-43.2845
346.7368505,6.02028,20.8272,40.0819,76.7776,-0.0116099,-0.0634624,-0.581745,-43.9434
354.8133892,6.02028,20.8272,40.0819,76.6801,-0.0118803,-0.0649406,-0.595295,-44.6029
363.0780548,6.02028,20.8272,40.0819,76.5804,-0.012157,-0.0664533,-0.60916,-45.2626
371.5352291,6.02028,20.8272,40.0819,76.4783,-0.0124402,-0.0680012,-0.623348,-45.9222
380.1893963,6.02028,20.8272,40.0818,76.374,-0.01273,-0.0695851,-0.637866,-46.5812
389.045145,6.02028,20.8272,40.0818,76.2673,-0.0130265,-0.071206,-0.652723,-47.2395
398.1071706,6.02028,20.8272,40.0818,76.1584,-0.0133299,-0.0728646,-0.667925,-47.8966
407.3802778,6.02028,20.8272,40.0818,76.0471,-0.0136404,-0.0745618,-0.683482,-48.5521
416.8693835,6.02028,20.8272,40.0817,75.9337,-0.0139581,-0.0762986,-0.699401,-49.2058
426.5795188,6.02028,20.8272,40.0817,75.8179,-0.0142833,-0.0780758,-0.71569,-49.8573
436.5158322,6.02028,20.8272,40.0817,75.6999,-0.014616,-0.0798944,-0.732359,-50.5062
446.6835922,6.02028,20.8272,40.0816,75.5797,-0.0149564,-0.0817554,-0.749416,-51.1524
457.0881896,6.02028,20.8272,40.0816,75.4574,-0.0153048,-0.0836597,-0.76687,-51.7953
467.7351413,6.02028,20.8272,40.0816,75.3328,-0.0156613,-0.0856084,-0.78473,-52.4348
478.6300923,6.02028,20.8272,40.0815,75.2061,-0.0160261,-0.0876025,-0.803007,-53.0706
489.7788194,6.02028,20.8272,40.0815,75.0772,-0.0163994,-0.089643,-0.821709,-53.7023
501.1872336,6.02028,20.8272,40.0814,74.9463,-0.0167814,-0.0917311,-0.840846,-54.3296
512.861384,6.02028,20.8272,40.0814,74.8133,-0.0171723,-0.0938677,-0.860429,-54.9524
524.8074602,6.02028,20.8272,40.0814,74.6782,-0.0175722,-0.0960542,-0.880468,-55.5703
537.0317964,6.02028,20.8272,40.0813,74.5412,-0.0179816,-0.0982916,-0.900974,-56.1831
549.5408739,6.02028,20.8272,40.0813,74.4022,-0.0184004,-0.100581,-0.921956,-56.7906
562.3413252,6.02028,20.8272,40.0812,74.2612,-0.018829,-0.102924,-0.943428,-57.3925
575.4399373,6.02028,20.8272,40.0811,74.1184,-0.0192676,-0.105321,-0.965399,-57.9886
588.8436554,6.02028,20.8272,40.0811,73.9737,-0.0197164,-0.107775,-0.987882,-58.5787
602.5595861,6.02028,20.8272,40.081,73.8271,-0.0201756,-0.110285,-1.01089,-59.1627
616.5950019,6.02028,20.8272,40.081,73.6788,-0.0206456,-0.112854,-1.03443,-59.7404
630.9573445,6.02028,20.8272,40.0809,73.5287,-0.0211265,-0.115483,-1.05852,-60.3115
645.654229,6.02028,20.8272,40.0808,73.377,-0.0216186,-0.118172,-1.08317,-60.876
660.693448,6.02028,20.8272,40.0808,73.2235,-0.0221221,-0.120925,-1.10839,-61.4337
676.0829754,6.02028,20.8272,40.0807,73.0685,-0.0226374,-0.123742,-1.1342,-61.9845
691.8309709,6.02028,20.8272,40.0806,72.9118,-0.0231647,-0.126624,-1.16062,-62.5282
707.9457844,6.02028,20.8272,40.0805,72.7537,-0.0237043,-0.129573,-1.18764,-63.0649
724.4359601,6.02028,20.8272,40.0804,72.594,-0.0242564,-0.132592,-1.2153,-63.5942
741.3102413,6.02028,20.8272,40.0803,72.4328,-0.0248215,-0.13568,-1.2436,-64.1163
758.577575,6.02028,20.8272,40.0802,72.2702,-0.0253996,-0.13884,-1.27256,-64.631
776.2471166,6.02028,20.8272,40.0801,72.1063,-0.0259913,-0.142074,-1.30219,-65.1383
794.3282347,6.02028,20.8272,40.08,71.941,-0.0265967,-0.145384,-1.33251,-65.638
812.8305162,6.02028,20.8272,40.0799,71.7744,-0.0272162,-0.14877,-1.36354,-66.1303
831.7637711,6.02028,20.8272,40.0798,71.6066,-0.0278501,-0.152235,-1.39528,-66.615
851.1380382,6.02028,20.8272,40.0797,71.4375,-0.0284988,-0.155781,-1.42777,-67.0921
870.96359,6.02028,20.8272,40.0796,71.2672,-0.0291627,-0.15941,-1.46101,-67.5616
891.2509381,6.02028,20.8272,40.0794,71.0958,-0.029842,-0.163123,-1.49503,-68.0236
912.0108394,6.02028,20.8272,40.0793,70.9233,-0.0305371,-0.166923,-1.52984,-68.4779
933.2543008,6.02028,20.8272,40.0792,70.7497,-0.0312484,-0.170811,-1.56546,-68.9247
954.992586,6.02028,20.8272,40.079,70.5751,-0.0319762,-0.17479,-1.6019,-69.364
977.237221,6.02028,20.8272,40.0788,70.3994,-0.032721,-0.178861,-1.6392,-69.7957
1000,6.02028,20.8272,40.0787,70.2228,-0.0334832,-0.183027,-1.67736,-70.2199
1023.292992,6.02028,20.8272,40.0785,70.0453,-0.0342631,-0.18729,-1.7164,-70.6366
1047.128548,6.02028,20.8272,40.0783,69.8668,-0.0350612,-0.191653,-1.75636,-71.046
1071.519305,6.02028,20.8272,40.0781,69.6875,-0.0358779,-0.196117,-1.79724,-71.448
1096.478196,6.02028,20.8272,40.0779,69.5074,-0.0367136,-0.200685,-1.83908,-71.8427
1122.018454,6.02028,20.8271,40.0777,69.3264,-0.0375688,-0.20536,-1.88189,-72.2301
1148.153621,6.02028,20.8271,40.0775,69.1447,-0.0384439,-0.210143,-1.92569,-72.6104
1174.897555,6.02028,20.8271,40.0773,68.9622,-0.0393394,-0.215038,-1.97051,-72.9836
1202.264435,6.02028,20.8271,40.077,68.779,-0.0402557,-0.220047,-2.01637,-73.3497
1230.268771,6.02028,20.8271,40.0768,68.5951,-0.0411934,-0.225172,-2.0633,-73.7088
1258.925412,6.02028,20.8271,40.0765,68.4105,-0.0421529,-0.230417,-2.11132,-74.0611
1288.249552,6.02028,20.8271,40.0763,68.2253,-0.0431347,-0.235784,-2.16045,-74.4065
1318.256739,6.02028,20.8271,40.076,68.0395,-0.0441395,-0.241276,-2.21073,-74.7453
1348.962883,6.02028,20.8271,40.0757,67.853,-0.0451676,-0.246896,-2.26217,-75.0773
1380.384265,6.02028,20.8271,40.0754,67.666,-0.0462197,-0.252647,-2.31481,-75.4029
1412.537545,6.02028,20.8271,40.075,67.4785,-0.0472963,-0.258532,-2.36867,-75.7219
1445.439771,6.02028,20.8271,40.0747,67.2904,-0.048398,-0.264554,-2.42377,-76.0346
1479.108388,6.02028,20.8271,40.0743,67.1018,-0.0495253,-0.270716,-2.48016,-76.341
1513.561248,6.02028,20.8271,40.0739,66.9128,-0.0506789,-0.277022,-2.53786,-76.6413
1548.816619,6.02028,20.8271,40.0735,66.7232,-0.0518594,-0.283474,-2.5969,-76.9354
1584.893192,6.02028,20.8271,40.0731,66.5333,-0.0530673,-0.290077,-2.6573,-77.2235
1621.810097,6.02028,20.8271,40.0727,66.3429,-0.0543034,-0.296834,-2.71911,-77.5057
1659.586907,6.02028,20.8271,40.0722,66.152,-0.0555683,-0.303748,-2.78235,-77.7821
1698.243652,6.02028,20.8271,40.0718,65.9608,-0.0568627,-0.310823,-2.84705,-78.0528
1737.800829,6.02028,20.8271,40.0713,65.7692,-0.0581872,-0.318063,-2.91326,-78.3179
1778.27941,6.02028,20.8271,40.0707,65.5773,-0.0595425,-0.325471,-2.981,-78.5774
1819.700859,6.02028,20.8271,40.0702,65.385,-0.0609294,-0.333052,-3.0503,-78.8315
1862.087137,6.02028,20.8271,40.0696,65.1923,-0.0623487,-0.34081,-3.12122,-79.0803
1905.460718,6.02028,20.8271,40.069,64.9994,-0.063801,-0.348748,-3.19377,-79.3238
1949.8446,6.02028,20.827,40.0684,64.8061,-0.0652871,-0.356872,-3.26801,-79.5622
1995.262315,6.02028,20.827,40.0677,64.6125,-0.0668078,-0.365184,-3.34396,-79.7955
2041.737945,6.02028,20.827,40.067,64.4187,-0.068364,-0.37369,-3.42168,-80.0238
2089.296131,6.02028,20.827,40.0663,64.2246,-0.0699564,-0.382394,-3.50118,-80.2473
2137.96209,6.02028,20.827,40.0656,64.0302,-0.0715859,-0.391301,-3.58253,-80.466
2187.761624,6.02028,20.827,40.0648,63.8356,-0.0732533,-0.400415,-3.66576,-80.6801
2238.721139,6.02028,20.827,40.0639,63.6408,-0.0749596,-0.409742,-3.75091,-80.8895
2290.867653,6.02028,20.827,40.0631,63.4457,-0.0767056,-0.419286,-3.83802,-81.0944
2344.228815,6.02028,20.827,40.0622,63.2504,-0.0784923,-0.429052,-3.92715,-81.2949
2398.832919,6.02028,20.827,40.0612,63.0549,-0.0803206,-0.439045,-4.01833,-81.491
2454.708916,6.02028,20.827,40.0602,62.8592,-0.0821916,-0.449272,-4.11162,-81.683
2511.886432,6.02028,20.8269,40.0592,62.6633,-0.084106,-0.459736,-4.20706,-81.8707
2570.395783,6.02028,20.8269,40.0581,62.4672,-0.0860651,-0.470444,-4.30469,-82.0544
2630.267992,6.02028,20.8269,40.0569,62.271,-0.0880698,-0.481402,-4.40458,-82.234
2691.534804,6.02028,20.8269,40.0558,62.0746,-0.0901212,-0.492615,-4.50676,-82.4098
2754.228703,6.02028,20.8269,40.0545,61.878,-0.0922204,-0.504089,-4.6113,-82.5817
2818.382931,6.02028,20.8269,40.0532,61.6813,-0.0943685,-0.51583,-4.71824,-82.7499
2884.031503,6.02028,20.8269,40.0518,61.4844,-0.0965666,-0.527845,-4.82763,-82.9143
2951.209227,6.02028,20.8268,40.0504,61.2874,-0.098816,-0.540139,-4.93954,-83.0752
3019.95172,6.02028,20.8268,40.0489,61.0903,-0.101118,-0.55272,-5.05402,-83.2325
3090.295433,6.02028,20.8268,40.0473,60.893,-0.103473,-0.565594,-5.17112,-83.3864
3162.27766,6.02028,20.8268,40.0457,60.6957,-0.105883,-0.578767,-5.29091,-83.5369
3235.936569,6.02028,20.8268,40.044,60.4982,-0.10835,-0.592248,-5.41344,-83.6841
3311.311215,6.02028,20.8268,40.0422,60.3005,-0.110873,-0.606042,-5.53877,-83.8281
3388.441561,6.02028,20.8267,40.0403,60.1028,-0.113456,-0.620158,-5.66696,-83.9689
3467.368505,6.02028,20.8267,40.0383,59.905,-0.116099,-0.634602,-5.79809,-84.1066
3548.133892,6.02028,20.8267,40.0362,59.7071,-0.118803,-0.649383,-5.93221,-84.2412
3630.780548,6.02028,20.8267,40.0341,59.5091,-0.12157,-0.664508,-6.06938,-84.3729
3715.352291,6.02028,20.8266,40.0318,59.311,-0.124402,-0.679985,-6.20968,-84.5016
3801.893963,6.02027,20.8266,40.0294,59.1128,-0.1273,-0.695823,-6.35317,-84.6276
3890.45145,6.02027,20.8266,40.027,58.9145,-0.130265,-0.712029,-6.49993,-84.7507
3981.071706,6.02027,20.8266,40.0244,58.7162,-0.133299,-0.728613,-6.65001,-84.8711
4073.802778,6.02027,20.8265,40.0216,58.5178,-0.136404,-0.745583,-6.8035,-84.9889
4168.693835,6.02027,20.8265,40.0188,58.3193,-0.139581,-0.762948,-6.96046,-85.1041
4265.795188,6.02027,20.8265,40.0158,58.1207,-0.142833,-0.780717,-7.12097,-85.2167
4365.158322,6.02027,20.8264,40.0127,57.9221,-0.146159,-0.7989,-7.2851,-85.3268
4466.835922,6.02027,20.8264,40.0095,57.7234,-0.149564,-0.817507,-7.45294,-85.4345
4570.881896,6.02027,20.8264,40.0061,57.5247,-0.153048,-0.836547,-7.62455,-85.5398
4677.351413,6.02027,20.8263,40.0025,57.3259,-0.156613,-0.85603,-7.80002,-85.6428
4786.300923,6.02027,20.8263,39.9988,57.127,-0.160261,-0.875967,-7.97943,-85.7436
4897.788194,6.02027,20.8262,39.9949,56.9281,-0.163994,-0.896368,-8.16286,-85.8421
5011.872336,6.02027,20.8262,39.9908,56.7292,-0.167814,-0.917244,-8.35039,-85.9384
5128.61384,6.02027,20.8261,39.9865,56.5302,-0.171722,-0.938606,-8.5421,-86.0326
5248.074602,6.02027,20.8261,39.9821,56.3312,-0.175722,-0.960466,-8.73808,-86.1247
5370.317964,6.02026,20.826,39.9774,56.1321,-0.179815,-0.982834,-8.93842,-86.2148
5495.408739,6.02026,20.826,39.9725,55.9329,-0.184004,-1.00572,-9.1432,-86.3029
5623.413252,6.02026,20.8259,39.9674,55.7338,-0.18829,-1.02915,-9.35251,-86.3891
5754.399373,6.02026,20.8259,39.962,55.5346,-0.192676,-1.05311,-9.56644,-86.4734
5888.436554,6.02026,20.8258,39.9564,55.3353,-0.197164,-1.07764,-9.78508,-86.5558
6025.595861,6.02026,20.8257,39.9506,55.1361,-0.201756,-1.10273,-10.0085,-86.6364
6165.950019,6.02026,20.8257,39.9445,54.9368,-0.206456,-1.12841,-10.2369,-86.7153
6309.573445,6.02026,20.8256,39.9381,54.7374,-0.211265,-1.15469,-10.4702,-86.7924
6456.54229,6.02026,20.8255,39.9314,54.5381,-0.216186,-1.18158,-10.7086,-86.8679
6606.93448,6.02025,20.8255,39.9244,54.3387,-0.221221,-1.2091,-10.9521,-86.9417
6760.829754,6.02025,20.8254,39.9171,54.1392,-0.226374,-1.23725,-11.201,-87.0139
6918.309709,6.02025,20.8253,39.9095,53.9398,-0.231647,-1.26607,-11.4551,-87.0845
7079.457844,6.02025,20.8252,39.9015,53.7403,-0.237043,-1.29555,-11.7148,-87.1536
7244.359601,6.02025,20.8251,39.8932,53.5408,-0.242564,-1.32572,-11.98,-87.2211
7413.102413,6.02025,20.825,39.8845,53.3413,-0.248214,-1.35659,-12.2508,-87.2873
7585.77575,6.02024,20.8249,39.8753,53.1418,-0.253996,-1.38817,-12.5274,-87.352
7762.471166,6.02024,20.8248,39.8658,52.9422,-0.259912,-1.4205,-12.8099,-87.4153
7943.282347,6.02024,20.8247,39.8559,52.7426,-0.265966,-1.45357,-13.0982,-87.4772
8128.305162,6.02024,20.8246,39.8455,52.543,-0.272161,-1.48742,-13.3926,-87.5378
8317.637711,6.02024,20.8244,39.8347,52.3434,-0.278501,-1.52205,-13.6932,-87.5971
8511.380382,6.02023,20.8243,39.8233,52.1438,-0.284988,-1.55749,-13.9999,-87.6552
8709.6359,6.02023,20.8242,39.8115,51.9441,-0.291626,-1.59375,-14.313,-87.712
8912.509381,6.02023,20.824,39.7991,51.7444,-0.298419,-1.63086,-14.6324,-87.7676
9120.108394,6.02023,20.8239,39.7862,51.5448,-0.30537,-1.66883,-14.9584,-87.822
9332.543008,6.02022,20.8237,39.7727,51.3451,-0.312483,-1.70768,-15.2909,-87.8752
9549.92586,6.02022,20.8236,39.7587,51.1454,-0.319762,-1.74744,-15.6302,-87.9274
9772.37221,6.02022,20.8234,39.744,50.9456,-0.32721,-1.78812,-15.9761,-87.9784
10000,6.02022,20.8232,39.7287,50.7459,-0.334831,-1.82975,-16.329,-88.0284
10232.92992,6.02021,20.823,39.7127,50.5461,-0.342631,-1.87234,-16.6887,-88.0774
10471.28548,6.02021,20.8228,39.6961,50.3464,-0.350611,-1.91592,-17.0555,-88.1253
10715.19305,6.02021,20.8226,39.6787,50.1466,-0.358778,-1.96052,-17.4293,-88.1722
10964.78196,6.0202,20.8224,39.6605,49.9468,-0.367135,-2.00616,-17.8104,-88.2182
11220.18454,6.0202,20.8222,39.6416,49.747,-0.375687,-2.05285,-18.1986,-88.2632
11481.53621,6.02019,20.8219,39.6219,49.5472,-0.384438,-2.10063,-18.5941,-88.3073
11748.97555,6.02019,20.8217,39.6014,49.3474,-0.393392,-2.14953,-18.997,-88.3505
12022.64435,6.02018,20.8214,39.58,49.1476,-0.402556,-2.19955,-19.4073,-88.3929
12302.68771,6.02018,20.8211,39.5577,48.9478,-0.411932,-2.25074,-19.825,-88.4344
12589.25412,6.02017,20.8209,39.5344,48.748,-0.421527,-2.30312,-20.2503,-88.475
12882.49552,6.02017,20.8206,39.5103,48.5481,-0.431346,-2.35672,-20.6831,-88.5149
13182.56739,6.02016,20.8203,39.4851,48.3483,-0.441393,-2.41156,-21.1235,-88.554
13489.62883,6.02016,20.8199,39.4588,48.1484,-0.451674,-2.46767,-21.5715,-88.5923
13803.84265,6.02015,20.8196,39.4316,47.9486,-0.462195,-2.52509,-22.0271,-88.6298
14125.37545,6.02015,20.8192,39.4032,47.7487,-0.472961,-2.58384,-22.4904,-88.6667
14454.39771,6.02014,20.8188,39.3736,47.5488,-0.483977,-2.64395,-22.9614,-88.7028
14791.08388,6.02013,20.8185,39.3429,47.3489,-0.495251,-2.70546,-23.44,-88.7382
15135.61248,6.02013,20.818,39.311,47.149,-0.506786,-2.76839,-23.9263,-88.773
15488.16619,6.02012,20.8176,39.2778,46.9492,-0.518591,-2.83279,-24.4202,-88.8071
15848.93192,6.02011,20.8172,39.2433,46.7493,-0.53067,-2.89868,-24.9217,-88.8406
16218.10097,6.0201,20.8167,39.2075,46.5494,-0.543031,-2.9661,-25.4308,-88.8735
16595.86907,6.02009,20.8162,39.1704,46.3495,-0.55568,-3.03508,-25.9474,-88.9058
16982.43652,6.02008,20.8157,39.1318,46.1495,-0.568623,-3.10566,-26.4715,-88.9375
17378.00829,6.02008,20.8151,39.0917,45.9496,-0.581868,-3.17787,-27.003,-88.9687
17782.7941,6.02007,20.8146,39.0502,45.7497,-0.595421,-3.25176,-27.5418,-88.9993
18197.00859,6.02005,20.814,39.0071,45.5498,-0.60929,-3.32736,-28.0879,-89.0293
18620.87137,6.02004,20.8133,38.9624,45.3499,-0.623482,-3.40471,-28.6411,-89.0589
19054.60718,6.02003,20.8127,38.9161,45.1499,-0.638004,-3.48385,-29.2013,-89.0879
19498.446,6.02002,20.812,38.8682,44.95,-0.652865,-3.56482,-29.7685,-89.1165
19952.62315,6.02001,20.8113,38.8186,44.7501,-0.668072,-3.64767,-30.3424,-89.1446
20417.37945,6.02,20.8106,38.7672,44.5501,-0.683633,-3.73243,-30.9229,-89.1723
20892.96131,6.01998,20.8098,38.714,44.3502,-0.699557,-3.81915,-31.5099,-89.1995
21379.6209,6.01997,20.809,38.6591,44.1502,-0.715851,-3.90788,-32.1032,-89.2263
21877.61624,6.01995,20.8081,38.6022,43.9503,-0.732525,-3.99866,-32.7027,-89.2526
22387.21139,6.01994,20.8072,38.5435,43.7503,-0.749587,-4.09153,-33.308,-89.2786
22908.67653,6.01992,20.8063,38.4829,43.5504,-0.767047,-4.18655,-33.9191,-89.3042
23442.28815,6.0199,20.8053,38.4203,43.3504,-0.784913,-4.28376,-34.5356,-89.3294
23988.32919,6.01989,20.8042,38.3557,43.1505,-0.803196,-4.38321,-35.1574,-89.3543
24547.08916,6.01987,20.8032,38.289,42.9505,-0.821904,-4.48496,-35.7842,-89.3789
25118.86432,6.01985,20.802,38.2204,42.7506,-0.841048,-4.58905,-36.4158,-89.4031
25703.95783,6.01983,20.8008,38.1496,42.5506,-0.860638,-4.69554,-37.0519,-89.4269
26302.67992,6.0198,20.7996,38.0767,42.3506,-0.880684,-4.80448,-37.6922,-89.4505
26915.34804,6.01978,20.7983,38.0016,42.1507,-0.901198,-4.91593,-38.3365,-89.4738
27542.28703,6.01976,20.797,37.9244,41.9507,-0.922188,-5.02994,-38.9844,-89.4968
28183.82931,6.01973,20.7955,37.845,41.7507,-0.943668,-5.14657,-39.6356,-89.5196
28840.31503,6.01971,20.7941,37.7633,41.5508,-0.965648,-5.26588,-40.2899,-89.5421
29512.09227,6.01968,20.7925,37.6795,41.3508,-0.98814,-5.38793,-40.9469,-89.5643
30199.5172,6.01965,20.7909,37.5933,41.1508,-1.01116,-5.51278,-41.6063,-89.5864
30902.95433,6.01962,20.7892,37.505,40.9508,-1.03471,-5.64049,-42.2677,-89.6082
31622.7766,6.01959,20.7874,37.4143,40.7509,-1.05881,-5.77112,-42.9309,-89.6298
32359.36569,6.01956,20.7855,37.3213,40.5509,-1.08347,-5.90475,-43.5955,-89.6512
33113.11215,6.01952,20.7836,37.2261,40.3509,-1.10871,-6.04143,-44.2611,-89.6724
33884.41561,6.01949,20.7815,37.1286,40.1509,-1.13453,-6.18123,-44.9275,-89.6934
34673.68505,6.01945,20.7794,37.0287,39.9509,-1.16095,-6.32422,-45.5941,-89.7143
35481.33892,6.01941,20.7771,36.9266,39.7509,-1.188,-6.47048,-46.2609,-89.735
36307.80548,6.01937,20.7748,36.8221,39.551,-1.21567,-6.62007,-46.9272,-89.7556
37153.52291,6.01933,20.7723,36.7154,39.351,-1.24398,-6.77306,-47.5929,-89.776
38018.93963,6.01928,20.7698,36.6063,39.151,-1.27295,-6.92953,-48.2576,-89.7964
38904.5145,6.01923,20.7671,36.495,38.951,-1.3026,-7.08955,-48.9209,-89.8166
39810.71706,6.01918,20.7643,36.3815,38.751,-1.33294,-7.25321,-49.5826,-89.8367
40738.02778,6.01913,20.7613,36.2656,38.551,-1.36399,-7.42056,-50.2422,-89.8568
41686.93835,6.01908,20.7582,36.1476,38.351,-1.39576,-7.59171,-50.8995,-89.8768
42657.95188,6.01902,20.755,36.0273,38.151,-1.42827,-7.76672,-51.5541,-89.8967
43651.58322,6.01896,20.7516,35.9048,37.951,-1.46153,-7.94568,-52.2058,-89.9165
44668.35922,6.0189,20.7481,35.7801,37.751,-1.49557,-8.12867,-52.8541,-89.9363
45708.81896,6.01883,20.7444,35.6533,37.551,-1.5304,-8.31578,-53.499,-89.9561
46773.51413,6.01877,20.7405,35.5244,37.351,-1.56605,-8.50709,-54.1399,-89.9758
47863.00923,6.01869,20.7365,35.3934,37.151,-1.60252,-8.70268,-54.7768,-89.9956
48977.88194,6.01862,20.7323,35.2603,36.951,-1.63985,-8.90265,-55.4092,-90.0153
50118.72336,6.01854,20.7278,35.1251,36.751,-1.67804,-9.10709,-56.0371,-90.035
51286.1384,6.01846,20.7232,34.988,36.551,-1.71712,-9.31608,-56.66,-90.0548
52480.74602,6.01837,20.7184,34.8489,36.351,-1.75711,-9.52972,-57.2779,-90.0746
53703.17964,6.01828,20.7133,34.7079,36.151,-1.79804,-9.7481,-57.8904,-90.0944
54954.08739,6.01819,20.708,34.5649,35.951,-1.83991,-9.97132,-58.4974,-90.1143
56234.13252,6.01809,20.7025,34.4202,35.751,-1.88276,-10.1995,-59.0986,-90.1342
57543.99373,6.01799,20.6967,34.2735,35.551,-1.92661,-10.4326,-59.694,-90.1542
58884.36554,6.01788,20.6906,34.1251,35.351,-1.97148,-10.6709,-60.2833,-90.1743
60255.95861,6.01776,20.6843,33.975,35.151,-2.0174,-10.9145,-60.8663,-90.1945
61659.50019,6.01765,20.6777,33.8231,34.951,-2.06438,-11.1633,-61.443,-90.2148
63095.73445,6.01752,20.6708,33.6696,34.751,-2.11245,-11.4176,-62.0132,-90.2352
64565.4229,6.01739,20.6635,33.5145,34.551,-2.16165,-11.6774,-62.5767,-90.2557
66069.3448,6.01725,20.656,33.3578,34.3509,-2.21199,-11.9428,-63.1335,-90.2764
67608.29754,6.01711,20.6481,33.1995,34.1509,-2.26351,-12.2139,-63.6835,-90.2972
69183.09709,6.01696,20.6398,33.0397,33.9509,-2.31622,-12.4909,-64.2266,-90.3182
70794.57844,6.01681,20.6312,32.8785,33.7509,-2.37016,-12.7738,-64.7627,-90.3393
72443.59601,6.01664,20.6221,32.7159,33.5509,-2.42535,-13.0627,-65.2917,-90.3606
74131.02413,6.01647,20.6127,32.5518,33.3508,-2.48183,-13.3578,-65.8136,-90.3821
75857.7575,6.01629,20.6029,32.3865,33.1508,-2.53963,-13.6591,-66.3284,-90.4038
77624.71166,6.0161,20.5926,32.2198,32.9508,-2.59877,-13.9667,-66.836,-90.4257
79432.82347,6.01591,20.5818,32.0519,32.7508,-2.65928,-14.2808,-67.3365,-90.4479
81283.05162,6.0157,20.5706,31.8827,32.5507,-2.7212,-14.6015,-67.8297,-90.4703
83176.37711,6.01548,20.5588,31.7124,32.3507,-2.78457,-14.9288,-68.3157,-90.4929
85113.80382,6.01526,20.5466,31.5409,32.1507,-2.84941,-15.2628,-68.7946,-90.5158
87096.359,6.01502,20.5338,31.3683,31.9507,-2.91576,-15.6038,-69.2662,-90.539
89125.09381,6.01477,20.5205,31.1946,31.7506,-2.98365,-15.9516,-69.7307,-90.5624
91201.08394,6.01451,20.5065,31.0199,31.5506,-3.05312,-16.3065,-70.188,-90.5862
93325.43008,6.01424,20.492,30.8442,31.3505,-3.12421,-16.6686,-70.6383,-90.6102
95499.2586,6.01396,20.4768,30.6675,31.1505,-3.19695,-17.0379,-71.0815,-90.6346
97723.7221,6.01366,20.4609,30.4899,30.9505,-3.27139,-17.4145,-71.5177,-90.6593
100000,6.01334,20.4444,30.3114,30.7504,-3.34755,-17.7986,-71.9469,-90.6844
102329.2992,6.01302,20.4272,30.132,30.5504,-3.42549,-18.1901,-72.3693,-90.7098
104712.8548,6.01268,20.4092,29.9518,30.3503,-3.50524,-18.5893,-72.7848,-90.7357
107151.9305,6.01232,20.3905,29.7707,30.1503,-3.58684,-18.9962,-73.1936,-90.7619
109647.8196,6.01194,20.3709,29.5889,29.9502,-3.67035,-19.4107,-73.5957,-90.7885
112201.8454,6.01155,20.3505,29.4063,29.7502,-3.75579,-19.8332,-73.9912,-90.8155
114815.3621,6.01114,20.3293,29.223,29.5501,-3.84322,-20.2635,-74.3802,-90.8429
117489.7555,6.01071,20.3072,29.039,29.35,-3.93269,-20.7018,-74.7628,-90.8708
120226.4435,6.01025,20.2841,28.8544,29.15,-4.02423,-21.1481,-75.1391,-90.8992
123026.8771,6.00978,20.2601,28.6691,28.9499,-4.1179,-21.6024,-75.5091,-90.928
125892.5412,6.00929,20.2352,28.4831,28.7498,-4.21375,-22.0649,-75.8729,-90.9573
128824.9552,6.00877,20.2091,28.2966,28.5497,-4.31183,-22.5356,-76.2307,-90.9872
131825.6739,6.00823,20.1821,28.1095,28.3497,-4.41218,-23.0145,-76.5826,-91.0175
134896.2883,6.00766,20.1539,27.9218,28.1496,-4.51487,-23.5016,-76.9286,-91.0484
138038.4265,6.00706,20.1246,27.7337,27.9495,-4.61995,-23.997,-77.2689,-91.0799
141253.7545,6.00644,20.0941,27.545,27.7494,-4.72746,-24.5007,-77.6036,-91.1119
144543.9771,6.00579,20.0624,27.3558,27.5493,-4.83747,-25.0127,-77.9327,-91.1445
147910.8388,6.00511,20.0295,27.1661,27.3492,-4.95004,-25.5329,-78.2564,-91.1777
151356.1248,6.00439,19.9952,26.976,27.1491,-5.06522,-26.0614,-78.5748,-91.2116
154881.6619,6.00364,19.9597,26.7855,26.949,-5.18308,-26.5982,-78.888,-91.2461
158489.3192,6.00286,19.9227,26.5945,26.7489,-5.30367,-27.1432,-79.1962,-91.2812
162181.0097,6.00204,19.8844,26.4032,26.5487,-5.42706,-27.6964,-79.4993,-91.317
165958.6907,6.00118,19.8446,26.2114,26.3486,-5.55331,-28.2578,-79.7976,-91.3535
169824.3652,6.00028,19.8033,26.0193,26.1485,-5.6825,-28.8273,-80.0912,-91.3908
173780.0829,5.99934,19.7605,25.8269,25.9483,-5.81468,-29.4047,-80.3801,-91.4287
177827.941,5.99835,19.7161,25.6341,25.7482,-5.94992,-29.9902,-80.6645,-91.4675
181970.0859,5.99732,19.6701,25.4409,25.548,-6.08831,-30.5835,-80.9445,-91.507
186208.7137,5.99624,19.6225,25.2475,25.3479,-6.2299,-31.1845,-81.2203,-91.5473
190546.0718,5.99511,19.5731,25.0538,25.1477,-6.37477,-31.7932,-81.4918,-91.5884
194984.46,5.99392,19.5221,24.8597,24.9475,-6.523,-32.4094,-81.7592,-91.6303
199526.2315,5.99268,19.4692,24.6654,24.7473,-6.67467,-33.033,-82.0228,-91.6732
204173.7945,5.99138,19.4145,24.4708,24.5471,-6.82985,-33.6638,-82.2824,-91.7169
208929.6131,5.99002,19.358,24.276,24.3469,-6.98862,-34.3017,-82.5384,-91.7615
213796.209,5.9886,19.2996,24.0809,24.1467,-7.15107,-34.9466,-82.7907,-91.807
218776.1624,5.9871,19.2392,23.8856,23.9465,-7.31727,-35.5981,-83.0395,-91.8535
223872.1139,5.98554,19.1769,23.6901,23.7463,-7.48733,-36.2562,-83.285,-91.901
229086.7653,5.98391,19.1126,23.4943,23.546,-7.66131,-36.9206,-83.5271,-91.9495
234422.8815,5.9822,19.0462,23.2984,23.3457,-7.83932,-37.5911,-83.7661,-91.999
239883.2919,5.9804,18.9778,23.1022,23.1455,-8.02145,-38.2674,-84.002,-92.0496
245470.8916,5.97853,18.9073,22.9058,22.9452,-8.20778,-38.9495,-84.2349,-92.1012
251188.6432,5.97656,18.8346,22.7093,22.7449,-8.39842,-39.6369,-84.465,-92.154
257039.5783,5.97451,18.7598,22.5126,22.5446,-8.59345,-40.3295,-84.6924,-92.2079
263026.7992,5.97235,18.6829,22.3157,22.3443,-8.79299,-41.0269,-84.9171,-92.2629
269153.4804,5.9701,18.6037,22.1186,22.1439,-8.99713,-41.729,-85.1393,-92.3192
275422.8703,5.96774,18.5223,21.9214,21.9436,-9.20598,-42.4353,-85.3591,-92.3767
281838.2931,5.96527,18.4386,21.724,21.7432,-9.41964,-43.1457,-85.5766,-92.4354
288403.1503,5.96268,18.3527,21.5264,21.5428,-9.63823,-43.8599,-85.7919,-92.4954
295120.9227,5.95997,18.2645,21.3287,21.3424,-9.86184,-44.5774,-86.005,-92.5568
301995.172,5.95714,18.174,21.1309,21.142,-10.0906,-45.2981,-86.2162,-92.6194
309029.5433,5.95417,18.0812,20.933,20.9415,-10.3246,-46.0217,-86.4254,-92.6835
316227.766,5.95106,17.986,20.7349,20.741,-10.564,-46.7477,-86.6329,-92.749
323593.6569,5.94781,17.8886,20.5366,20.5405,-10.8089,-47.476,-86.8387,-92.8159
331131.1215,5.9444,17.7888,20.3383,20.34,-11.0594,-48.2062,-87.0428,-92.8843
338844.1561,5.94084,17.6867,20.1398,20.1395,-11.3157,-48.9379,-87.2455,-92.9542
346736.8505,5.93711,17.5823,19.9412,19.9389,-11.5779,-49.6709,-87.4468,-93.0257
354813.3892,5.9332,17.4755,19.7425,19.7383,-11.846,-50.4049,-87.6468,-93.0988
363078.0548,5.92911,17.3665,19.5437,19.5377,-12.1203,-51.1395,-87.8457,-93.1735
371535.2291,5.92483,17.2551,19.3448,19.3371,-12.4008,-51.8745,-88.0434,-93.2499
380189.3963,5.92035,17.1414,19.1458,19.1364,-12.6878,-52.6095,-88.2401,-93.3279
389045.145,5.91566,17.0254,18.9466,18.9357,-12.9813,-53.3442,-88.436,-93.4078
398107.1706,5.91076,16.9071,18.7474,18.7349,-13.2815,-54.0785,-88.631,-93.4894
407380.2778,5.90562,16.7866,18.5481,18.5341,-13.5885,-54.8119,-88.8254,-93.5728
416869.3835,5.90024,16.6638,18.3486,18.3333,-13.9026,-55.5442,-89.0192,-93.6581
426579.5188,5.89461,16.5388,18.1491,18.1325,-14.2237,-56.2752,-89.2124,-93.7454
436515.8322,5.88872,16.4116,17.9494,17.9316,-14.5522,-57.0046,-89.4053,-93.8346
446683.5922,5.88256,16.2822,17.7497,17.7306,-14.8881,-57.7322,-89.5979,-93.9258
457088.1896,5.8761,16.1507,17.5498,17.5297,-15.2316,-58.4576,-89.7902,-94.0191
467735.1413,5.86935,16.017,17.3499,17.3286,-15.5829,-59.1808,-89.9825,-94.1144
478630.0923,5.86228,15.8813,17.1498,17.1275,-15.9421,-59.9014,-90.1747,-94.2119
489778.8194,5.85489,15.7435,16.9497,16.9264,-16.3094,-60.6194,-90.3671,-94.3116
501187.2336,5.84715,15.6036,16.7495,16.7252,-16.685,-61.3344,-90.5596,-94.4136
512861.384,5.83905,15.4618,16.5491,16.524,-17.069,-62.0464,-90.7524,-94.5179
524807.4602,5.83057,15.3179,16.3487,16.3227,-17.4617,-62.7552,-90.9456,-94.6245
537031.7964,5.82171,15.1722,16.1482,16.1214,-17.8631,-63.4605,-91.1392,-94.7335
549540.8739,5.81243,15.0245,15.9475,15.9199,-18.2735,-64.1624,-91.3335,-94.845
562341.3252,5.80272,14.8749,15.7468,15.7185,-18.6931,-64.8606,-91.5284,-94.959
575439.9373,5.79256,14.7236,15.5459,15.5169,-19.122,-65.5551,-91.7241,-95.0756
588843.6554,5.78194,14.5704,15.345,15.3153,-19.5605,-66.2458,-91.9207,-95.1949
602559.5861,5.77082,14.4155,15.1439,15.1136,-20.0086,-66.9325,-92.1182,-95.3168
616595.0019,5.75919,14.2588,14.9428,14.9118,-20.4667,-67.6153,-92.3168,-95.4414
630957.3445,5.74702,14.1005,14.7415,14.7099,-20.9349,-68.2941,-92.5166,-95.5689
645654.229,5.7343,13.9405,14.5401,14.508,-21.4134,-68.9687,-92.7177,-95.6993
660693.448,5.72098,13.7789,14.3386,14.306,-21.9024,-69.6393,-92.9201,-95.8326
676082.9754,5.70706,13.6158,14.137,14.1038,-22.4021,-70.3057,-93.124,-95.9689
691830.9709,5.6925,13.4511,13.9352,13.9016,-22.9127,-70.9681,-93.3295,-96.1083
707945.7844,5.67727,13.2848,13.7333,13.6992,-23.4344,-71.6263,-93.5366,-96.2508
724435.9601,5.66135,13.1171,13.5313,13.4968,-23.9674,-72.2804,-93.7455,-96.3966
741310.2413,5.64469,12.948,13.3292,13.2942,-24.5119,-72.9304,-93.9563,-96.5456
758577.575,5.62728,12.7775,13.1269,13.0916,-25.0682,-73.5765,-94.1691,-96.6979
776247.1166,5.60908,12.6056,12.9244,12.8887,-25.6363,-74.2185,-94.384,-96.8537
794328.2347,5.59005,12.4323,12.7218,12.6858,-26.2166,-74.8567,-94.6011,-97.013
812830.5162,5.57015,12.2578,12.5191,12.4827,-26.8093,-75.491,-94.8204,-97.1758
831763.7711,5.54935,12.082,12.3162,12.2795,-27.4145,-76.1215,-95.0422,-97.3423
851138.0382,5.52761,11.9049,12.1131,12.0762,-28.0324,-76.7484,-95.2664,-97.5125
870963.59,5.50489,11.7266,11.9099,11.8726,-28.6633,-77.3718,-95.4933,-97.6866
891250.9381,5.48115,11.5471,11.7065,11.669,-29.3074,-77.9916,-95.7229,-97.8645
912010.8394,5.45634,11.3665,11.5029,11.4651,-29.9648,-78.6082,-95.9553,-98.0463
933254.3008,5.43042,11.1847,11.2991,11.2611,-30.6358,-79.2215,-96.1907,-98.2322
954992.586,5.40334,11.0018,11.0951,11.0569,-31.3205,-79.8317,-96.4291,-98.4222
977237.221,5.37505,10.8178,10.8909,10.8525,-32.0192,-80.4389,-96.6707,-98.6165
1000000,5.3455,10.6328,10.6865,10.6478,-32.7321,-81.0434,-96.9155,-98.815
1023292.992,5.31465,10.4466,10.4818,10.443,-33.4592,-81.6451,-97.1637,-99.0179
1047128.548,5.28242,10.2595,10.2769,10.238,-34.2009,-82.2444,-97.4154,-99.2253
1071519.305,5.24878,10.0713,10.0718,10.0327,-34.9573,-82.8413,-97.6706,-99.4373
1096478.196,5.21366,9.8822,9.86643,9.82716,-35.7286,-83.436,-97.9296,-99.6539
1122018.454,5.177,9.69207,9.66079,9.62139,-36.5149,-84.0286,-98.1924,-99.8752
1148153.621,5.13873,9.50097,9.45487,9.41535,-37.3163,-84.6194,-98.4592,-100.101
1174897.555,5.09881,9.30892,9.24867,9.20904,-38.1331,-85.2085,-98.7299,-100.332
1202264.435,5.05715,9.11592,9.04216,9.00244,-38.9654,-85.7961,-99.0049,-100.569
1230268.771,5.0137,8.922,8.83535,8.79553,-39.8133,-86.3824,-99.2841,-100.81
1258925.412,4.96838,8.72715,8.62821,8.58832,-40.6769,-86.9674,-99.5677,-101.056
1288249.552,4.92113,8.53139,8.42074,8.38078,-41.5563,-87.5516,-99.8558,-101.308
1318256.739,4.87186,8.33472,8.21291,8.17289,-42.4516,-88.1349,-100.149,-101.565
1348962.883,4.82051,8.13715,8.00472,7.96465,-43.363,-88.7176,-100.446,-101.827
1380384.265,4.76699,7.93868,7.79615,7.75604,-44.2904,-89.2999,-100.748,-102.096
1412537.545,4.71123,7.73931,7.58718,7.54704,-45.234,-89.882,-101.055,-102.369
1445439.771,4.65315,7.53904,7.3778,7.33764,-46.1937,-90.4641,-101.368,-102.649
1479108.388,4.59267,7.33788,7.16798,7.12781,-47.1696,-91.0463,-101.685,-102.934
1513561.248,4.52969,7.13582,6.95772,6.91755,-48.1617,-91.6288,-102.008,-103.226
1548816.619,4.46414,6.93286,6.74699,6.70683,-49.17,-92.2119,-102.336,-103.523
1584893.192,4.39593,6.72899,6.53578,6.49563,-50.1944,-92.7956,-102.67,-103.827
1621810.097,4.32497,6.52421,6.32405,6.28393,-51.2349,-93.3803,-103.009,-104.137
1659586.907,4.25117,6.31851,6.11181,6.07172,-52.2913,-93.9661,-103.354,-104.453
1698243.652,4.17445,6.11188,5.89901,5.85897,-53.3636,-94.5531,-103.705,-104.776
1737800.829,4.0947,5.90431,5.68565,5.64566,-54.4517,-95.1416,-104.061,-105.105
1778279.41,4.01184,5.6958,5.47169,5.43176,-55.5553,-95.7317,-104.424,-105.441
1819700.859,3.92578,5.48633,5.25711,5.21726,-56.6743,-96.3235,-104.793,-105.783
1862087.137,3.83642,5.27588,5.0419,5.00212,-57.8086,-96.9174,-105.168,-106.132
1905460.718,3.74367,5.06444,4.82602,4.78633,-58.9577,-97.5134,-105.55,-106.488
1949844.6,3.64744,4.852,4.60944,4.56985,-60.1216,-98.1116,-105.937,-106.851
1995262.315,3.54764,4.63853,4.39215,4.35266,-61.2998,-98.7124,-106.332,-107.221
2041737.945,3.44417,4.42402,4.17411,4.13474,-62.4921,-99.3157,-106.733,-107.598
2089296.131,3.33695,4.20845,3.9553,3.91605,-63.6981,-99.9218,-107.14,-107.982
2137962.09,3.22588,3.9918,3.73568,3.69657,-64.9173,-100.531,-107.555,-108.374
2187761.624,3.11088,3.77404,3.51523,3.47626,-66.1495,-101.143,-107.976,-108.773
2238721.139,2.99186,3.55515,3.29391,3.25509,-67.3941,-101.758,-108.404,-109.179
2290867.653,2.86874,3.3351,3.07169,3.03304,-68.6506,-102.377,-108.839,-109.592
2344228.815,2.74144,3.11388,2.84855,2.81007,-69.9186,-102.998,-109.28,-110.013
2398832.919,2.60988,2.89145,2.62444,2.58614,-71.1975,-103.624,-109.729,-110.441
2454708.916,2.47398,2.66778,2.39934,2.36123,-72.4867,-104.253,-110.185,-110.877
2511886.432,2.33368,2.44285,2.1732,2.1353,-73.7857,-104.886,-110.649,-111.321
2570395.783,2.1889,2.21662,1.946,1.90831,-75.0937,-105.522,-111.119,-111.771
2630267.992,2.03958,1.98907,1.71769,1.68022,-76.4102,-106.163,-111.597,-112.23
2691534.804,1.88567,1.76016,1.48825,1.45101,-77.7345,-106.807,-112.081,-112.696
2754228.703,1.7271,1.52986,1.25762,1.22062,-79.0658,-107.456,-112.573,-113.17
2818382.931,1.56383,1.29814,1.02578,0.989035,-80.4035,-108.108,-113.072,-113.651
2884031.503,1.39581,1.06496,0.792685,0.756203,-81.7468,-108.765,-113.579,-114.14
2951209.227,1.22301,0.830295,0.558296,0.522087,-83.095,-109.425,-114.092,-114.636
3019951.72,1.04539,0.594098,0.322573,0.286647,-84.4472,-110.09,-114.613,-115.14
3090295.433,0.86292,0.356338,0.0854778,0.0498456,-85.8028,-110.759,-115.141,-115.652
3162277.66,0.67558,0.11698,-0.153031,-0.188359,-87.1608,-111.432,-115.675,-116.171
3235936.569,0.483355,-0.124012,-0.392994,-0.428008,-88.5206,-112.109,-116.217,-116.697
3311311.215,0.286235,-0.366676,-0.634452,-0.669141,-89.8812,-112.79,-116.766,-117.23
3388441.561,0.0842163,-0.611048,-0.877445,-0.911798,-91.2419,-113.475,-117.321,-117.771
3467368.505,-0.122699,-0.857164,-1.12201,-1.15602,-92.6018,-114.165,-117.884,-118.318
3548133.892,-0.334502,-1.10506,-1.3682,-1.40185,-93.9602,-114.858,-118.453,-118.873
3630780.548,-0.551178,-1.35477,-1.61604,-1.64933,-95.3163,-115.554,-119.028,-119.434
3715352.291,-0.772705,-1.60634,-1.86559,-1.89849,-96.6692,-116.255,-119.61,-120.003
3801893.963,-0.999058,-1.8598,-2.11686,-2.14939,-98.0181,-116.959,-120.198,-120.577
3890451.45,-1.2302,-2.11517,-2.36992,-2.40204,-99.3624,-117.666,-120.793,-121.158
3981071.706,-1.4661,-2.37251,-2.62479,-2.65651,-100.701,-118.377,-121.393,-121.746
4073802.778,-1.70671,-2.63184,-2.88151,-2.91282,-102.034,-119.091,-121.999,-122.339
4168693.835,-1.95198,-2.89319,-3.14013,-3.17101,-103.359,-119.807,-122.61,-122.939
4265795.188,-2.20186,-3.15659,-3.40067,-3.43112,-104.677,-120.527,-123.227,-123.544
4365158.322,-2.45629,-3.42208,-3.66317,-3.69318,-105.987,-121.249,-123.849,-124.154
4466835.922,-2.7152,-3.68968,-3.92767,-3.95723,-107.287,-121.974,-124.476,-124.77
4570881.896,-2.97854,-3.95943,-4.1942,-4.2233,-108.578,-122.701,-125.108,-125.39
4677351.413,-3.24622,-4.23134,-4.46279,-4.49143,-109.859,-123.429,-125.744,-126.016
4786300.923,-3.51818,-4.50544,-4.73347,-4.76164,-111.129,-124.16,-126.384,-126.646
4897788.194,-3.79433,-4.78176,-5.00627,-5.03396,-112.388,-124.891,-127.028,-127.28
5011872.336,-4.07459,-5.06032,-5.28122,-5.30842,-113.634,-125.625,-127.676,-127.917
5128613.84,-4.35889,-5.34113,-5.55834,-5.58504,-114.869,-126.358,-128.327,-128.559
5248074.602,-4.64714,-5.62421,-5.83765,-5.86385,-116.09,-127.093,-128.981,-129.204
5370317.964,-4.93925,-5.90958,-6.11917,-6.14488,-117.299,-127.828,-129.638,-129.851
5495408.739,-5.23513,-6.19725,-6.40293,-6.42813,-118.493,-128.563,-130.298,-130.502
5623413.252,-5.53469,-6.48722,-6.68894,-6.71362,-119.674,-129.298,-130.959,-131.155
5754399.373,-5.83783,-6.77952,-6.97721,-7.00138,-120.841,-130.032,-131.622,-131.809
5888436.554,-6.14448,-7.07414,-7.26776,-7.29141,-121.992,-130.766,-132.286,-132.466
6025595.861,-6.45453,-7.37109,-7.5606,-7.58373,-123.129,-131.498,-132.952,-133.124
6165950.019,-6.7679,-7.67037,-7.85573,-7.87834,-124.251,-132.229,-133.618,-133.782
6309573.445,-7.08448,-7.97198,-8.15316,-8.17525,-125.357,-132.958,-134.285,-134.442
6456542.29,-7.4042,-8.27591,-8.45289,-8.47446,-126.448,-133.685,-134.952,-135.102
6606934.48,-7.72695,-8.58216,-8.75493,-8.77597,-127.523,-134.41,-135.618,-135.761
6760829.754,-8.05264,-8.89072,-9.05926,-9.07978,-128.583,-135.132,-136.284,-136.42
6918309.709,-8.38119,-9.20158,-9.36589,-9.38589,-129.626,-135.851,-136.949,-137.079
7079457.844,-8.7125,-9.51473,-9.67481,-9.69429,-130.653,-136.566,-137.612,-137.736
7244359.601,-9.04649,-9.83016,-9.98601,-10.005,-131.664,-137.278,-138.274,-138.392
7413102.413,-9.38307,-10.1478,-10.2995,-10.3179,-132.659,-137.986,-138.934,-139.047
7585775.75,-9.72215,-10.4677,-10.6152,-10.6331,-133.638,-138.69,-139.592,-139.699
7762471.166,-10.0637,-10.7899,-10.9332,-10.9506,-134.601,-139.389,-140.246,-140.348
7943282.347,-10.4075,-11.1142,-11.2533,-11.2702,-135.547,-140.084,-140.898,-140.995
8128305.162,-10.7536,-11.4407,-11.5757,-11.5921,-136.477,-140.774,-141.547,-141.639
8317637.711,-11.1019,-11.7693,-11.9003,-11.9162,-137.392,-141.458,-142.192,-142.279
8511380.382,-11.4522,-12.1,-12.227,-12.2424,-138.29,-142.137,-142.833,-142.916
8709635.9,-11.8046,-12.4328,-12.5558,-12.5707,-139.172,-142.81,-143.47,-143.549
8912509.381,-12.159,-12.7677,-12.8867,-12.9012,-140.038,-143.477,-144.102,-144.177
9120108.394,-12.5152,-13.1046,-13.2197,-13.2337,-140.889,-144.137,-144.73,-144.801
9332543.008,-12.8732,-13.4434,-13.5547,-13.5683,-141.724,-144.792,-145.353,-145.42
9549925.86,-13.233,-13.7842,-13.8918,-13.9048,-142.544,-145.439,-145.971,-146.034
9772372.21,-13.5945,-14.1269,-14.2308,-14.2434,-143.348,-146.08,-146.583,-146.643
10000000,-13.9575,-14.4715,-14.5717,-14.5839,-144.137,-146.714,-147.189,-147.246
10232929.92,-14.3221,-14.8179,-14.9145,-14.9263,-144.911,-147.34,-147.79,-147.843
10471285.48,-14.6882,-15.1661,-15.2592,-15.2706,-145.67,-147.96,-148.384,-148.435
10715193.05,-15.0558,-15.5161,-15.6057,-15.6167,-146.414,-148.572,-148.972,-149.02
10964781.96,-15.4247,-15.8677,-15.954,-15.9646,-147.144,-149.176,-149.554,-149.599
11220184.54,-15.7949,-16.2211,-16.3041,-16.3142,-147.859,-149.772,-150.129,-150.172
11481536.21,-16.1664,-16.576,-16.6558,-16.6656,-148.561,-150.361,-150.698,-150.738
11748975.55,-16.5391,-16.9326,-17.0093,-17.0186,-149.248,-150.942,-151.259,-151.298
12022644.35,-16.913,-17.2907,-17.3643,-17.3733,-149.921,-151.515,-151.814,-151.85
12302687.71,-17.288,-17.6503,-17.7209,-17.7296,-150.581,-152.079,-152.361,-152.395
12589254.12,-17.6641,-18.0114,-18.0791,-18.0874,-151.228,-152.636,-152.902,-152.934
12882495.52,-18.0412,-18.3739,-18.4388,-18.4467,-151.861,-153.184,-153.435,-153.465
13182567.39,-18.4192,-18.7378,-18.7999,-18.8076,-152.481,-153.724,-153.96,-153.988
13489628.83,-18.7983,-19.103,-19.1625,-19.1698,-153.089,-154.256,-154.478,-154.505
13803842.65,-19.1782,-19.4695,-19.5264,-19.5334,-153.684,-154.78,-154.989,-155.014
14125375.45,-19.5591,-19.8373,-19.8917,-19.8984,-154.266,-155.296,-155.492,-155.515
14454397.71,-19.9407,-20.2064,-20.2583,-20.2647,-154.836,-155.803,-155.987,-156.009
14791083.88,-20.3232,-20.5766,-20.6261,-20.6322,-155.395,-156.301,-156.475,-156.496
15135612.48,-20.7064,-20.948,-20.9952,-21.001,-155.942,-156.792,-156.955,-156.975
15488166.19,-21.0903,-21.3204,-21.3655,-21.371,-156.477,-157.274,-157.427,-157.446
15848931.92,-21.475,-21.694,-21.7369,-21.7422,-157,-157.748,-157.892,-157.909
16218100.97,-21.8603,-22.0686,-22.1094,-22.1144,-157.513,-158.214,-158.349,-158.366
16595869.07,-22.2463,-22.4442,-22.483,-22.4878,-158.015,-158.672,-158.799,-158.814
16982436.52,-22.6328,-22.8208,-22.8576,-22.8622,-158.506,-159.122,-159.241,-159.255
17378008.29,-23.02,-23.1983,-23.2332,-23.2376,-158.986,-159.563,-159.675,-159.688
17782794.1,-23.4078,-23.5767,-23.6098,-23.6139,-159.456,-159.997,-160.102,-160.114
18197008.59,-23.796,-23.956,-23.9874,-23.9913,-159.916,-160.423,-160.521,-160.533
18620871.37,-24.1848,-24.3361,-24.3658,-24.3695,-160.366,-160.841,-160.933,-160.944
19054607.18,-24.5741,-24.717,-24.7451,-24.7486,-160.806,-161.251,-161.337,-161.347
19498446,-24.9639,-25.0987,-25.1252,-25.1285,-161.237,-161.653,-161.734,-161.744
19952623.15,-25.3541,-25.4812,-25.5062,-25.5093,-161.658,-162.048,-162.124,-162.133
20417379.45,-25.7447,-25.8644,-25.8879,-25.8909,-162.07,-162.435,-162.506,-162.515
20892961.31,-26.1358,-26.2483,-26.2704,-26.2732,-162.473,-162.815,-162.881,-162.889
21379620.9,-26.5273,-26.6328,-26.6536,-26.6562,-162.868,-163.187,-163.25,-163.257
21877616.24,-26.9191,-27.018,-27.0375,-27.04,-163.253,-163.552,-163.611,-163.618
22387211.39,-27.3113,-27.4038,-27.4221,-27.4244,-163.631,-163.91,-163.965,-163.972
22908676.53,-27.7038,-27.7902,-27.8073,-27.8094,-163.999,-164.261,-164.312,-164.318
23442288.15,-28.0967,-28.1772,-28.1931,-28.1951,-164.36,-164.605,-164.653,-164.659
23988329.19,-28.4899,-28.5648,-28.5795,-28.5814,-164.713,-164.942,-164.987,-164.992
24547089.16,-28.8834,-28.9528,-28.9665,-28.9683,-165.058,-165.272,-165.314,-165.319
